0.0 0.3420201433256689 0.9396926207859083 -0.15797985667433107 0.07366721700146961 2.792526803190927 0.0 -0.5235987755982988 0.0
0.05 0.34417403310663947 0.9389058711793796 -0.15248008798722767 0.07095732201273786 2.7902337226349907 -0.09229483592095652 -0.5197395771970681 0.1535030946696167
0.1 0.3507867911237379 0.9364553524718149 -0.13601310272129946 0.06294183606095793 2.783181501945766 -0.19155753713245144 -0.5084225094650736 0.29655061344483125
0.15000000000000002 0.3623195974859419 0.9320539197265494 -0.10869324238162081 0.049927565579994226 2.7708372657293916 -0.3052912175136921 -0.49043860655707283 0.41833864591323766
0.2 0.37955888708632174 0.9251675800814644 -0.07076554286454867 0.03230258032538502 2.7522731962213287 -0.44179564906889307 -0.4671286641138348 0.5077366792846418
0.25 0.40361192012758246 0.9149302803661741 -0.02267440337602933 0.010341992583398296 2.7261314743670586 -0.6098556059303272 -0.44038340880404575 0.5541041331324082
0.30000000000000004 0.43583679391017444 0.9000257157848881 0.03486802809581552 -0.016066009339463116 2.6906248414438267 -0.817596925950707 -0.4125741003461759 0.5493119151536733
0.35000000000000003 0.4776487029289239 0.87855091860991 0.10084013692655347 -0.047740236798170854 2.6436162299166317 -1.070503336301511 -0.38634848209560374 0.49107595291571216
0.4 0.5301550653597218 0.8479007056686704 0.17391752801187715 -0.08649472292906357 2.5828092171927834 -1.369100048453063 -0.36423815918130137 0.38698942610495357
0.45 0.5936206734864552 0.80474498818538 0.2525307293459855 -0.13528567621139986 2.5060420826786194 -1.7073193081413378 -0.3480761312028538 0.2577846347388497
0.5 0.6668463307725504 0.7451952570536036 0.33495462503635703 -0.1981222375703009 2.411623926678317 -2.07259240181275 -0.33830824497829615 0.13804386249888903
0.55 0.746630025291813 0.6652395097502452 0.41941069189273744 -0.2797089056936163 2.298610886700413 -2.448189946590963 -0.333359405118112 0.07319005846680893
0.6000000000000001 0.8275251615990586 0.561428630299927 0.5041951172195642 -0.3848576278701651 2.166907506767754 -2.8178721699881297 -0.32924644802071323 0.11273671246724878
0.65 0.9020580938146303 0.4316146375918171 0.5878774019533235 -0.5177485662777823 2.017078287405767 -3.1728143702601495 -0.3195935225644467 0.3013998867390342
0.7000000000000001 0.9613404828219603 0.2753624449478185 0.6695890196724752 -0.6811317179983726 1.8497630292134708 -3.520405579623325 -0.29605745558467955 0.6727009877825717
0.75 0.9956018108746474 0.0936858270130701 0.7493254930941713 -0.8755138300754421 1.6646197452281786 -3.89438795190777 -0.2488363507362253 1.253797697085985
0.8 0.9937199824408698 -0.1118954713011993 0.8280779293437218 -1.0980814123111904 1.4586660303303651 -4.370364916699487 -0.16640902245758152 2.093872933728161
0.8500000000000001 0.9402333507621039 -0.34053082990335326 0.9074200693109472 -1.3399923291920488 1.2233149144359172 -5.109061903677006 -0.032819172711955995 3.340597344333033
0.9 0.8059876427393863 -0.5919323607908318 0.9863118861285133 -1.5755395828292524 0.9373420840326931 -6.485025280412209 0.1813160885150147 5.422230504765102
0.9500000000000001 0.5327347557722408 -0.846282269690374 1.0328575945160958 -1.7122367408762371 0.56182878445721 -8.351737462476388 0.5237406233708098 7.950501990400215
1.0 0.16692571694405076 -0.9859694746911359 0.93440464847997 -1.6270436432929318 0.16771080998954055 -7.0687333069281 0.874899271259228 5.5092908341168165
1.05 -0.1532912332469708 -0.9881810551764402 0.7276852510324979 -1.4613411064768296 -0.15389801637580938 -5.966126721969997 1.0779220025650234 2.770558490223049
1.1 -0.42674611866813766 -0.9043714669325209 0.49081035568899095 -1.3019769452213845 -0.4408917619096641 -5.588749400481118 1.1618906332398822 0.6397966406736121
1.1500000000000001 -0.6571610076047143 -0.7537502305697535 0.2535459073534081 -1.1668033930651631 -0.717046057656664 -5.472452760779663 1.1449922840204643 -1.2913067298565153
1.2000000000000002 -0.8345350710994192 -0.5509548212921703 0.025858256119426826 -1.0605853958040257 -0.9872883848535057 -5.307812019842164 1.036040959292287 -3.0197306006735722
1.25 -0.9468592818988458 -0.3216481000752252 -0.19596764699053726 -0.9820735331293493 -1.2433267562789898 -4.877831873895091 0.8494111364816149 -4.366468180038158
1.3 -0.99484158910382 -0.10144068507944039 -0.4234860808712255 -0.922143361578228 -1.469180856772131 -4.099573061193705 0.6081565509803153 -5.1931388677439285
1.35 -0.9969851698289268 0.07759233944910982 -0.6648300360883732 -0.8656324307566959 -1.6484667363079881 -3.0352238249683587 0.33858751569229933 -5.515440688737807
1.4000000000000001 -0.9801499414847493 0.19825764098123025 -0.9177751991893723 -0.7997951589865797 -1.7703762815563029 -1.8307125757729086 0.06241525922169276 -5.491520562186652
1.4500000000000002 -0.9662147363820728 0.25773840070529186 -1.1731521903602138 -0.7206157734775778 -1.8314771165940598 -0.6195435042657682 -0.20844361361240396 -5.339666964104821
1.5 -0.9657901117239026 0.2593250086210964 -1.4212572102999732 -0.6309276084010026 -1.83311956336192 0.5478910183014142 -0.4728968246861217 -5.26796718100648
1.55 -0.9789096698228016 0.20429355919219166 -1.653107827828535 -0.5342569426299086 -1.77653831876753 1.7281106307415228 -0.7398784665347952 -5.476560335314178
1.6 -0.9962483132401412 0.08654073241066088 -1.853196925139725 -0.4288611268830139 -1.657445446450331 3.078700650290232 -1.0293198015259049 -6.208591424525079
1.6500000000000001 -0.9946277234121704 -0.10351662581403495 -1.9740770065779023 -0.3052072346834962 -1.4670939283957098 4.438842874688402 -1.3677126307244905 -7.241042145116979
1.7000000000000002 -0.9461063258168365 -0.32385617216499973 -1.935082967952313 -0.17578456343990348 -1.2409938337163013 4.332591581987265 -1.7194144280651749 -6.473863183248928
1.75 -0.863035978903335 -0.5051424542823165 -1.7701095851429725 -0.08417039717707414 -1.0412493076334246 3.704359404225779 -2.0053130215354127 -5.0154682678871625
1.8 -0.7606046880052406 -0.649215302179832 -1.552731191612068 -0.03885835556283579 -0.8642440211813913 3.43451568115778 -2.227307457728766 -3.9111606386109936
1.85 -0.6386795093873008 -0.7694728613075297 -1.3149169245205072 -0.032789103936729846 -0.6927809431267624 3.467692009598693 -2.3989495334877753 -2.9606230286383743
1.9000000000000001 -0.49120966036596536 -0.8710413707529356 -1.071546850065566 -0.05666507796711939 -0.513477961903343 3.741676261254212 -2.522449977414815 -1.9571554893517207
1.9500000000000002 -0.30999039059136174 -0.9507396897894896 -0.832727059797425 -0.09824548179312398 -0.31518292512683443 4.220058165987851 -2.591534659768941 -0.7695769727067066
2.0 -0.08919368802848004 -0.996014300106117 -0.6081136784749386 -0.14119148600073328 -0.08931237703118612 4.824602664267581 -2.5960056190019487 0.61543726998513
2.0500000000000003 0.16587929052287995 -0.9861460647265323 -0.4087741338869084 -0.16774919167892377 0.1666495878633021 5.390357464666397 -2.529412049613012 2.0310782366719087
2.1 0.43126835126809326 -0.9022237024122679 -0.24648688789408157 -0.166936115281747 0.4458981111255003 5.730770647083169 -2.3968872331628597 3.2119698800096685
2.15 0.6702560495422427 -0.7421299266651539 -0.12945840098407335 -0.141749382660443 0.7345537535534279 5.765464581002457 -2.2147732004941085 4.006474252195141
2.2 0.8511079014963187 -0.5249907999294204 -0.057305544057326574 -0.10691782551304596 1.018092023257319 5.540529440743957 -2.002119299804577 4.451081716026109
2.25 0.9596878998748036 -0.28106784738544693 -0.019861112081682508 -0.07986214872094155 1.2858896958319892 5.15194293283489 -1.773384963531908 4.671773246974043
2.3000000000000003 0.9992457436762446 -0.03883225134998892 -0.00017497429920576568 -0.07286500735703633 1.5319543093413373 4.682132050537813 -1.5367569977434985 4.781602263870249
2.35 0.9833501164546656 0.18172107326503295 0.020852730852692014 -0.08956988255429704 1.753532710111185 4.176834534765196 -1.2960622919173426 4.839249059700516
2.4000000000000004 0.9292532148164621 0.36944345000726453 0.060027230192590264 -0.12497154537076871 1.9492063543488647 3.644763222679023 -1.0536346419537952 4.847391076969906
2.45 0.8543529511581669 0.5196932122390391 0.1281743253659613 -0.1678128629650596 2.1172881504109333 3.0693075427971563 -0.812747195410446 4.769766090655698
2.5 0.7748777815296284 0.6321110849302689 0.2278148324670538 -0.20498038543779007 2.2550709311817436 2.430703571906502 -0.5788515607448479 4.561536409596371
2.5500000000000003 0.7048838323686891 0.709322763532392 0.3534736133644625 -0.22689882240728365 2.359333293673378 1.731795668677065 -0.35907696628046576 4.206087621822567
2.6 0.6546897726753521 0.7558976792888676 0.4951883046031594 -0.23130001199835137 2.4278205152435675 1.0075997460221464 -0.16018563527079754 3.735278690670658
2.6500000000000004 0.629642623168051 0.7768849123841033 0.6432660723902734 -0.22302228412529757 2.4604995404061762 0.3072660813804546 0.013623870672414565 3.214817587372037
2.7 0.6303705374359356 0.7762943935986718 0.7912645721690037 -0.2106772927162469 2.459562218859608 -0.3330725346911214 0.16159642245623718 2.7116586374653457
2.75 0.6542612075609936 0.7562686508647773 0.9362753202077467 -0.20314160563035955 2.428387337945989 -0.9024170483151871 0.2858927870711587 2.2740280580615884
2.8000000000000003 0.6970300282089291 0.7170419372498791 1.0777637738830268 -0.2076427738300498 2.3703455190693656 -1.4106486695112768 0.3905896760074599 1.9315246198691383
2.85 0.753661968623036 0.6572622285292605 1.2163033292514827 -0.22928329846631323 2.2879766820570175 -1.8798468362333733 0.48097227556231176 1.7046909194660413
2.9000000000000004 0.8186563909871512 0.5742836524714008 1.3526737549509886 -0.27118985686234187 2.182525177685541 -2.3394562537775725 0.5633450883608281 1.6154084602042273
2.95 0.8857162849383317 0.4642269516034587 1.4871947271509394 -0.3346620792096415 2.0535579435722373 -2.82805627033831 0.6453504451296458 1.6972007672940281
3.0 0.9468523438873596 0.32166852328913575 1.6188403520074077 -0.4188935044592834 1.8982874668186753 -3.4039756575842315 0.7368899877049636 2.0102128314083227
3.0500000000000003 0.9903191829747707 0.13880891841730691 1.742956201117471 -0.5196267420091804 1.7100549148765292 -4.16855414994882 0.8520579386718841 2.6668363391527503
3.1 0.9954999364244412 -0.09476221071151418 1.843245220111816 -0.6251657683785162 1.4758917143994796 -5.255427807765437 1.011719795840342 3.7952486292554504
3.1500000000000004 0.9266488482978568 -0.37592806751858204 1.8685611257877162 -0.7117870580397025 1.1853982245451093 -6.210160761214961 1.2282792803354947 4.609428194105643
3.2 0.7698891382726731 -0.6381776514182872 1.7604399529076449 -0.7753238640017699 0.87866741736959 -5.910795196470535 1.4332165015248952 3.3097592661285566
3.25 0.56105142639526 -0.8277809474370886 1.5608486417267218 -0.8479186785767826 0.5956554287422196 -5.456489522483911 1.5506572343370688 1.3932219632978526
3.3000000000000003 0.32279232261415464 -0.9464698180403639 1.322787929536182 -0.9435056762343736 0.3286782588518796 -5.250618816488582 1.5737604729414632 -0.4623500422122077
3.35 0.06974463300586302 -0.9975648781742857 1.0675660081967906 -1.0635383820382318 0.06980130043256053 -5.091709531819952 1.5047748706362378 -2.2911246655579505
3.4000000000000004 -0.17626270828978113 -0.9843431605219551 0.7986374590939378 -1.206985617468506 -0.17718841398750992 -4.73592471513562 1.34627220158462 -4.0190348674079805
3.45 -0.3867942361677502 -0.9221660473403945 0.5076926348868805 -1.3692602628150485 -0.39715270630343236 -3.9863606321534464 1.1072821842670295 -5.485570416062027
3.5 -0.5379252901352383 -0.8429925161191645 0.181736952347074 -1.537316832807936 -0.5679740464025984 -2.770230120182256 0.8033157412405314 -6.625169351526589
3.5500000000000003 -0.6186813967648782 -0.7856419854469715 -0.1862481372557006 -1.6873079302792404 -0.6670632150501049 -1.1256594732086844 0.4471896625027493 -7.630483457973359
3.6 -0.6236266646560461 -0.7817223184289773 -0.5896257813489378 -1.781144121240151 -0.6733734920789322 0.9521632440348746 0.03400743789478625 -9.018558761532702
3.6500000000000004 -0.5390669097954713 -0.8422629439572663 -0.9877609466511401 -1.7359483815079537 -0.5693288789637749 3.008952965899279 -0.46530347898774493 -10.818502157123268
3.7 -0.4169574328941658 -0.9089260141256312 -1.251490357876006 -1.459884086143144 -0.4300953087159693 2.0641374104616137 -0.9872844895953737 -9.551826664028793
3.75 -0.36353443309270805 -0.9315807619073955 -1.351965813817092 -1.0832494983011818 -0.37205911486941956 0.3392626088727366 -1.418540004520883 -7.86082184206617
3.8000000000000003 -0.3783122908171915 -0.9256780275109963 -1.3551663503659745 -0.7117711637990934 -0.38797240164916014 -0.9087512819623825 -1.7863689818016368 -6.938364781367929
3.85 -0.44156484864085355 -0.8972293377084702 -1.295665935711372 -0.37712229770135897 -0.4573420163247947 -1.8168588162262387 -2.1177725974615638 -6.348396075045494
3.9000000000000004 -0.5354299982298006 -0.8445796096257805 -1.1938465456957292 -0.09192587116230433 -0.5650167919553927 -2.445362430622344 -2.4228796598438787 -5.8631782909324555
3.95 -0.6423412739704161 -0.7664187417815818 -1.0657543790135295 0.13951797923029408 -0.6975491932270439 -2.81463095253133 -2.704383148525883 -5.398034575223301
4.0 -0.7464130994311652 -0.6654828960969332 -0.9241803696793738 0.3185896609985791 -0.8426557396762315 -2.95514838808719 -2.9628755364406936 -4.945593654012232
4.05 -0.8360627688229471 -0.5486338000780734 -0.7780601523828433 0.4496826309627576 -0.9900670544593756 -2.916102655441249 -3.1996278424343045 -4.534426077575477
4.1000000000000005 -0.9053594681517098 -0.4246460095515479 -0.6328481062047365 0.537506555071031 -1.132225471416884 -2.754448019425159 -3.4175948733275985 -4.199502313811914
4.15 -0.9534116108691644 -0.30167250497827136 -0.49190624574249486 0.5854649127644926 -1.264349926652849 -2.5226997566874614 -3.6212839839303936 -3.9664682972174146
4.2 -0.9826099057876039 -0.1856819136267077 -0.3580563783556898 0.5953000908857864 -1.3840305278671188 -2.2626460673310413 -3.8161523747634756 -3.847695883683211
4.25 -0.9967894163387191 -0.0800678429528091 -0.2347954975291071 0.5675163351253543 -1.4906426854773809 -2.0038697974055633 -4.007979226945331 -3.8441657675972105
4.3 -0.9999029531663078 0.013931412322384503 -0.1271756006546534 0.5021393272295462 -1.584728189801261 -1.7632165214679136 -4.202353840288821 -3.9473490578971178
4.3500000000000005 -0.9953482722780669 0.09634218636229529 -0.04247779119153505 0.3997195854445628 -1.667288177546476 -1.541136317974466 -4.404153869477719 -4.136126717873928
4.4 -0.9859305875124892 0.16715524702287393 0.009489952792912093 0.2627478614766227 -1.7387399377079586 -1.311548615225542 -4.616650177268161 -4.364400323133357
4.45 -0.9744700021629475 0.22451773846301107 0.017425937817979742 0.09746481937276438 -1.7972444384981183 -1.008816365941095 -4.839786230753787 -4.5427036302714505
4.5 -0.9648201477799806 0.26291078798295126 -0.027393662473913616 -0.08527247503627272 -1.8368342180634127 -0.5404542402108741 -5.068021380053248 -4.548986256305548
4.55 -0.9618906002040796 0.2734345867644317 -0.12452480105515729 -0.2732083665567346 -1.8477582180863144 0.13493264640735958 -5.290738891143902 -4.32509229651044
4.6000000000000005 -0.9688164831987742 0.24777938147141937 -0.2621756844974694 -0.459793075320662 -1.821183813621612 0.938120188224653 -5.498445925583525 -3.9795122307914754
4.65 -0.9832810615477285 0.18209435466694723 -0.4243181810112915 -0.6470983238960082 -1.7539123251621482 1.7465004516745235 -5.6900507933390765 -3.7132509323749496
4.7 -0.9970781802696621 0.07638784216182058 -0.5989461647034411 -0.8409402878882605 -1.6472586531839126 2.514940477811203 -5.873705694957818 -3.6810205377650123
4.75 -0.9976446075140483 -0.06859473083364818 -0.7799943525158792 -1.0446215575649793 -1.5021476893314596 3.3029492464273633 -6.06377894502998 -3.9881358316800255
4.800000000000001 -0.9671747248719741 -0.2541122814206768 -0.9648533619248912 -1.254109587054081 -1.3138665815788935 4.28383043618964 -6.280863942147634 -4.805175233687351
4.8500000000000005 -0.8742976675673213 -0.48539014049148305 -1.1479331522255865 -1.4472236092041477 -1.0639869813383391 5.866331328837779 -6.560356061993948 -6.606279316221496
4.9 -0.6544702627219566 -0.7560877430646876 -1.2817080427232157 -1.5349155592982195 -0.713481778467608 7.954244360497195 -6.961186793988918 -9.13914999075254
4.95 -0.3350491441527469 -0.942200653259438 -1.2197597778661535 -1.4083412914732958 -0.3416573885214059 6.556346380591779 -7.369058181715619 -6.618030244161704
5.0 -0.04717372445028587 -0.9988867001424578 -1.0225629871226924 -1.2193765780583818 -0.047191238416755994 5.40684302039381 -7.6316649535909695 -4.074830200986201
5.050000000000001 0.21071126010478874 -0.9775483440040457 -0.7870929107587494 -1.0437815426836121 0.2123024986116094 5.064231666139869 -7.787699913745074 -2.2177970326509855
5.1000000000000005 0.44908646687216597 -0.8934883016986148 -0.5509126106631521 -0.8921300202429899 0.46574264167413815 5.117113459174574 -7.855339915847764 -0.488570511968515
5.15 0.6642298250506821 -0.747528420538738 -0.3356171253915541 -0.7650234395830431 0.7264630505676792 5.316830648104582 -7.836485722340558 1.2360732519463713
5.2 0.8393419991345401 -0.5436037237628469 -0.15347045721197927 -0.6632842423245183 0.9960716466607129 5.437326801184986 -7.734013552176168 2.821853600756283
5.25 0.9539239693389069 -0.3000484306252979 -0.0031601510754249995 -0.5898586900205176 1.2660529032840449 5.3136063969014184 -7.559953050796289 4.072671791803011
5.300000000000001 0.9988330419394712 -0.04829652502968052 0.13100299588403375 -0.5451576838692676 1.5224810063184646 4.895478362939695 -7.33400350360559 4.891575782281154
5.3500000000000005 0.9837744157310343 0.17940986303172407 0.2700690055723828 -0.5210361288265142 1.7511828749766989 4.2132118669853895 -7.077959432542622 5.281877601324496
5.4 0.9324462755232207 0.36130865373372106 0.4278028042580909 -0.5020191906622999 1.9404673021615606 3.3317645378489393 -6.812154252360873 5.293140420489477
5.45 0.8718896648467205 0.4897023711740362 0.6048348626807474 -0.4739789727566705 2.0825446863383243 2.341987156624465 -6.553520843871337 5.013293891850245
5.5 0.823184473883675 0.5677740060595036 0.7927743004309467 -0.43176349766438116 2.1745955269612325 1.3471293390286339 -6.313600169697122 4.567013934201077
5.550000000000001 0.7974529288046313 0.6033811617385115 0.9821239045944703 -0.37941924053085496 2.2185306203392083 0.42690492440625755 -6.097448237717172 4.081804126638074
5.6000000000000005 0.7971211890378286 0.6038193521136254 1.1668702599033387 -0.3253122987271433 2.219080222090774 -0.3871960941112039 -5.9044463694400715 3.653738880970721
5.65 0.8193159700696631 0.5733422548433065 1.3446351718173961 -0.27756299033686316 2.181375710763116 -1.1083903326882543 -5.7300951055484735 3.3438897377013914
5.7 0.8585935361007424 0.512656941595472 1.51485326650738 -0.24187812468482184 2.109072796199344 -1.7804591731297215 -5.5673343511296105 3.197805869898282
5.75 0.9080376315946749 0.41888860047503496 1.6765645934159052 -0.22092880234691792 2.0030173432631715 -2.4724178771866345 -5.406649628788292 3.2730703984113347
5.800000000000001 0.9585288186522486 0.28499562069113404 1.8251920419467047 -0.2138980126505468 1.859798186183657 -3.2876834752108177 -5.23471070424886 3.6690232838243118
5.8500000000000005 0.9950571872731245 0.0993035450328834 1.9442324918708933 -0.21544435590012206 1.6702638089398627 -4.330326077117715 -5.032580024729488 4.477474453882214
5.9 0.9899892876468064 -0.14114251784833984 1.9869578623813224 -0.21894779396652858 1.42918093583585 -5.175626427548096 -4.790272972252788 5.010686476163366
5.95 0.9213352057245602 -0.3887691328957103 1.9098211635430413 -0.23745650554531408 1.1715010713945286 -5.01510456739468 -4.560492925110814 3.978273623038485
6.0 0.8009975042038668 -0.5986676859988155 1.7522728514252075 -0.2903249971461076 0.928959572493278 -4.726198211186012 -4.398938640221078 2.486975687407727
6.050000000000001 0.6399548273617078 -0.7684125317408915 1.560528725277596 -0.3778441017878956 0.6944394772253802 -4.693445953162982 -4.311139995040326 1.022464334503222
6.1000000000000005 0.4410437589433393 -0.8974856002728565 1.3564146383452778 -0.49487393483962305 0.45676132278751624 -4.830677041254313 -4.298020795710347 -0.5185447637076812
6.15 0.20948471257788284 -0.9778119221998481 1.1497998317078804 -0.6375069461334693 0.21104794988497916 -4.985507130683644 -4.36514776798812 -2.183453440586888
6.2 -0.03874244799801727 -0.9992492295334137 0.9421935650135758 -0.8049182274341095 -0.03875214647253111 -4.957359495787065 -4.516813575883291 -3.8708969709889502
6.25 -0.2744780270063682 -0.9615933718005192 0.7248511683653944 -0.9982152133383981 -0.2780468393905643 -4.533839227542376 -4.749019012820674 -5.366188561779195
6.300000000000001 -0.4647961785832292 -0.8854177050265185 0.4797111004531649 -1.2139081917187016 -0.4834043992696837 -3.592431915517731 -5.047093908560096 -6.48879803948504
6.3500000000000005 -0.5884987205294215 -0.808498148380832 0.18927690913278217 -1.4370401675836555 -0.6292007087845728 -2.168532678880139 -5.392066216916658 -7.271730614924483
6.4 -0.6396009840275237 -0.7687070841556121 -0.15209977997622298 -1.6418293986388304 -0.6939790793171439 -0.3617369777395383 -5.773959756626988 -8.047016032196808
6.45 -0.6114528893553359 -0.7912808376922895 -0.5359897552032203 -1.7884294301216928 -0.6578954147309028 1.9031114972342 -6.207650365736044 -9.487156948024163
6.5 -0.479439430092569 -0.8775749727929305 -0.9192011406548275 -1.7756894632246105 -0.5000158293350782 4.116794819736624 -6.738518641441305 -11.521059842574315
6.550000000000001 -0.3151245244410607 -0.9490503327515329 -1.1545086243885576 -1.4925890459590934 -0.32058786071446765 2.6012890088899816 -7.279334406088513 -9.665714767086104
6.6000000000000005 -0.23824186445968265 -0.971205855634517 -1.2286443785850447 -1.1094189520261457 -0.24055518749202387 0.7143573785232604 -7.715324667017695 -7.990468076410644
6.65 -0.2380971344132046 -0.9712413472377607 -1.2095052523691465 -0.733825534012746 -0.24040616923711716 -0.6469901672925966 -8.093686368215259 -7.241365993320037
6.7 -0.29596619067523156 -0.955198416025274 -1.1259624989575263 -0.3974295317750304 -0.3004668682101424 -1.7145512190399697 -8.445676895156554 -6.874799319982592
6.75 -0.3966702778339602 -0.917961159681132 -0.9951293675907968 -0.11680779241153205 -0.40788668904463865 -2.5418133554690767 -8.78320160172081 -6.634735847193735
6.800000000000001 -0.5230966597775143 -0.8522733625601633 -0.8333149429378744 0.09839199222722905 -0.5504803277182323 -3.1196614624000434 -9.10935532599356 -6.409942122858
6.8500000000000005 -0.6561774027247418 -0.7546066632050183 -0.6568915304326275 0.24539308180575758 -0.715741850748326 -3.45216360201783 -9.424063833000796 -6.179059150560075
6.9 -0.7784816062971597 -0.6276674188270362 -0.4801755800931032 0.32680286082044696 -0.892243069337214 -3.5781374501071412 -9.727695342373003 -5.974672361121408
6.95 -0.8777244090357018 -0.47916579780168783 -0.3147385035695558 0.34730069894604104 -1.0710922759421644 -3.5560742714262323 -10.02277219099609 -5.844156833445362
7.0 -0.9478008415455512 -0.3188629247271387 -0.17129548407204953 0.3112477241393515 -1.2462667805159786 -3.4379840440374965 -10.313878588290919 -5.818435475119289
7.050000000000001 -0.9876837591758352 -0.15646338824239606 -0.0625072509340383 0.22307373589372384 -1.4136874103139738 -3.246008056439781 -10.606278353334387 -5.89053363953707
7.1000000000000005 -0.9999987441908658 -0.0015848080929559234 -0.004232537356150146 0.09033723129914138 -1.5692115180385349 -2.9526405613257123 -10.903522301778361 -5.995569864400583
7.15 -0.9908853656048604 0.13470780315231196 -0.012569530033653686 -0.07241082437937973 -1.7059148987330524 -2.476739960391269 -11.204203086774793 -6.001833693574115
7.2 -0.9709454817616119 0.2393007970039203 -0.09531325820593117 -0.24367767981563163 -1.8124419879476632 -1.738419880765355 -11.49962733728882 -5.768184415946629
7.25 -0.9538346836852793 0.30033214313323675 -0.24375073715284268 -0.40378488469446716 -1.8758371804921061 -0.7698781948255268 -11.776753189764166 -5.285580461898569
7.300000000000001 -0.9500548060448611 0.31208310673771067 -0.43635617588159903 -0.5458875905290363 -1.8881811893803944 0.27462763793438955 -12.026880454934078 -4.725655292375478
7.3500000000000005 -0.9614345402083562 0.27503386135955454 -0.651822065159508 -0.6758289653899858 -1.8494212486295443 1.260648263044259 -12.251585159822802 -4.298644840696613
7.4 -0.9814929325501794 0.19149836384170188 -0.8766255770845842 -0.8029878541410576 -1.7634848636756968 2.168038790779009 -12.461310094219614 -4.144214441360059
7.45 -0.9980954317375955 0.0616888089084462 -1.1038224943244948 -0.9327063782464122 -1.6325243290794167 3.084510101884356 -12.672295647652245 -4.369950509140079
7.5 -0.9928978514056339 -0.11896998223953688 -1.327808473162768 -1.0612198829740764 -1.4515438944939278 4.2181888050120255 -12.907880986664027 -5.180834067401778
7.550000000000001 -0.9320737513205128 -0.3622685773004702 -1.5307431745711606 -1.1632647830747151 -1.2000956778735188 5.983343265779903 -13.20820953752303 -7.053996059420172
7.6000000000000005 -0.7555944398797791 -0.6550397258355884 -1.61958650584377 -1.158545147803689 -0.8565611319106379 7.231229705348451 -13.609515701078285 -8.253771343831872
7.65 -0.5044594580206221 -0.8634353798713256 -1.4884474168700401 -1.0416703282943445 -0.5287558143464101 5.852028125041606 -13.957974555930418 -5.5917116716085475
7.7 -0.2549475472491126 -0.9669548842379677 -1.2539761015965512 -0.9228873497202874 -0.2577934575262599 5.12193162120874 -14.181248750957245 -3.4557820545543527
7.75 -0.006551861771757347 -0.9999785363233172 -0.9917145647853408 -0.8283555524576065 -0.006551908647840714 5.000215687802677 -14.309643801927173 -1.6990001299733035
7.800000000000001 0.24499301824113837 -0.9695248429066153 -0.7322750631963266 -0.7575175387788184 0.24751249131018027 5.197234075232573 -14.35079544032127 0.06816172501178797
7.8500000000000005 0.49234544295482996 -0.870399887868566 -0.4941682522231583 -0.7067211500121442 0.5147823784860981 5.489626242836115 -14.301585478535785 1.9014743439982236
7.9 0.7131919574097368 -0.7009687809639371 -0.28648703782060325 -0.6756329072813954 0.7940413619643651 5.637618176822272 -14.16250552616352 3.6212146798399214
7.95 0.8785708601838715 -0.4776120220804456 -0.10311475772884726 -0.6681201520469208 1.0728616541818103 5.448971204214859 -13.945487210926148 4.98347344375592
8.0 0.9716230014865895 -0.23653486631401915 0.07757442877036935 -0.6845048983743007 1.3319983684073922 4.847546367314619 -13.67267343138059 5.839013386685386
8.05 0.9998091499472195 -0.019536214623572804 0.27958435992453734 -0.7132769816517066 1.551258869247241 3.8678300698293206 -13.370496904782405 6.163891554191965
8.1 0.9896847487511117 0.1432623400948379 0.5127114536581299 -0.7356554465997671 1.7145533040932381 2.636364580661051 -13.063578423717152 6.054984694024859
8.15 0.9706559748472212 0.24047240692726204 0.7695201230887695 -0.7390909494399523 1.8136488368374302 1.3285237017695388 -12.768887946451128 5.713557638186354
8.200000000000001 0.9617124147062577 0.2740606345315926 1.0357584931057218 -0.7231941866017326 1.8484091296727532 0.07700633302118098 -12.492256704893972 5.368434464674958
8.25 0.9684227829113823 0.24931368501984372 1.2995354400836523 -0.6942775444117989 1.8227678236656544 -1.0933159681774909 -12.228888109926485 5.212084188558731
8.3 0.985898389424223 0.1673450499140115 1.551769760107556 -0.6571484866531141 1.7389324522645164 -2.2767565517227575 -11.964880887910923 5.429164379758238
8.35 0.9997920754364485 0.02039131909609285 1.7776288732530752 -0.6080750013717396 1.591189059293917 -3.6964652659040675 -11.675154200709526 6.298043784138702
8.4 0.9788361404746974 -0.20464557190566943 1.925386950572279 -0.5272003174971923 1.364694724593159 -5.278353670369374 -11.324001543317877 7.674105210793127
8.450000000000001 0.8903725597631574 -0.4552325832152205 1.8894560173531572 -0.41242785485477845 1.0981629099978147 -5.031513345926265 -10.952756476957905 6.701689966417838
8.5 0.7633186441615795 -0.6460221725880064 1.7089216810956342 -0.3206994150977061 0.8684346846503064 -4.237511530134375 -10.664221254999699 4.92430104813323
8.55 0.6177015577178249 -0.7864126051844367 1.4737326855649304 -0.26948832817975543 0.6658166439373605 -3.9402443082754854 -10.452320254628571 3.6023742736160216
8.6 0.4514439203997879 -0.8922994938551013 1.220268128144709 -0.25283930151675515 0.46838287940455137 -4.008003073212618 -10.301778348179992 2.4179158463183157
8.65 0.25761965584740265 -0.9662464038334455 0.9662483451640704 -0.26066481345757586 0.2605578948490204 -4.343612114377573 -10.212330750157923 1.1296880434736831
8.700000000000001 0.030945769801864968 -0.9995210649763066 0.7252913993427276 -0.279879385570852 0.03095071108616399 -4.860852854865823 -10.192288161822967 -0.3608403983580407
8.75 -0.22412610206388484 -0.9745601522603153 0.5108877278292377 -0.29650803784296176 -0.2260462334737172 -5.407085297654847 -10.250465038034402 -1.9684116292308467
8.8 -0.48544645374122714 -0.874266401361774 0.33508705156345625 -0.3026679700549614 -0.5068737563074097 -5.783055841830119 -10.387121712068858 -3.457208718728991
8.85 -0.7168720800883472 -0.6972047194259418 0.2023250510668826 -0.303407012378281 -0.7993055358012969 -5.860887666942748 -10.590814785174866 -4.630061907594959
8.9 -0.8856277610491157 -0.46439581055294904 0.10293229146895211 -0.31356801946166823 -1.087844053719745 -5.633194587431491 -10.844168697607708 -5.448132598327044
8.950000000000001 -0.9774992768636654 -0.21093876772895748 0.01341773121611145 -0.34541360960736744 -1.3582610894809524 -5.14275113380171 -11.130457759094922 -5.954684590982516
9.0 -0.9996250810508273 0.027380601420112047 -0.0945355677395181 -0.3978404856556555 -1.598180350563693 -4.415425115712307 -11.43478043011223 -6.16832613633143
9.05 -0.9747262417983377 0.22340267131278577 -0.24070150968078186 -0.45572006622421535 -1.7961003084167666 -3.467584138179385 -11.7421411202479 -6.074526862451081
9.1 -0.9318033466851883 0.3629635286172467 -0.4272519493228558 -0.5004181294110657 -1.9422426807687334 -2.3603294390952363 -12.037508315840316 -5.700825727812721
9.15 -0.8957563523296258 0.4445453376891083 -0.6417181997720365 -0.5226488605178118 -2.0314629500248467 -1.2125916260848024 -12.309517513119577 -5.166235473939357
9.200000000000001 -0.8804685633244871 0.4741045338291058 -0.8682530643019822 -0.5258208541792352 -2.0647430460330454 -0.13674096534964714 -12.55415481152003 -4.63165063910904
9.25 -0.8886918795246345 0.4585048999378006 -1.0956862310209519 -0.5198372377873508 -2.04710843331229 0.8233645711233996 -12.774872384689933 -4.226843212339672
9.3 -0.9158934426093099 0.4014214764873284 -1.3182553304902158 -0.514059223025727 -1.9838646567579143 1.6978471335261947 -12.980465945074567 -4.039585080358949
9.35 -0.9533974995480397 0.3017170990440311 -1.5324191801471754 -0.5135950457178096 -1.8772895004346246 2.5766466739154117 -13.183898860702744 -4.158769413872395
9.4 -0.9883665947218757 0.15209034958827422 -1.7314711355030266 -0.5170849947501397 -1.723479210804942 3.622347175525632 -13.404068452795181 -4.746448575236153
9.450000000000001 -0.9980683533923973 -0.062125372888930254 -1.8910174184447257 -0.5122830866095466 -1.5086309215509843 5.0297605061263475 -13.670224988784817 -6.001067977796776
9.5 -0.9422128803466674 -0.3350147580463233 -1.9318333924094437 -0.47872015844800814 -1.2291754335605458 5.827410486116307 -13.992962271114019 -6.4531016008103546
9.55 -0.8154143157639657 -0.578877788179149 -1.8060059359054677 -0.44202662046241314 -0.953444556915155 5.151178372158101 -14.274448913165884 -4.693706565961442
9.600000000000001 -0.6505010885915935 -0.7595053217332659 -1.5971828560022274 -0.43733513184556355 -0.7082440069994311 4.738171319628787 -14.465187954480722 -2.987922565690981
9.65 -0.4553798975924666 -0.8902972250145873 -1.3606562932090205 -0.46547414708743345 -0.4727988763091928 4.733669544736614 -14.575933383484251 -1.4438881970702782
9.700000000000001 -0.2287086986225972 -0.9734949055718566 -1.1198807253009841 -0.5198293692282456 -0.23075101641843979 4.976794808440585 -14.608041158120402 0.18614740280856476
9.75 0.02625830400911772 -0.9996551912887587 -0.887900483610394 -0.5942989146406421 0.026261322456091467 5.300466128669217 -14.554535469802524 1.9760972156487777
9.8 0.29259785065031146 -0.956235586973638 -0.670461554854531 -0.6869465573629618 0.2969424603226658 5.48181917624056 -14.409821654874637 3.7972890828501566
9.850000000000001 0.5378879906854201 -0.8430163162575215 -0.46124379904617796 -0.8013549822926371 0.567929800549201 5.275422176456513 -14.178840336240341 5.377129136540008
9.9 0.727933237078026 -0.6856480163736393 -0.23929755712047962 -0.939546796902668 0.8153027867189937 4.524634395397234 -13.880457936510481 6.462701054379417
9.950000000000001 0.8477054689615092 -0.5304671883281262 0.01963504439855457 -1.0910912798227106 1.0116447353751592 3.255122209983899 -13.542027663678098 6.990272920149275
10.0 0.9066657904851548 -0.4218496703375852 0.3246779995635636 -1.2350471932176086 1.1353118930667003 1.6552397521874722 -13.187541586443343 7.1576539718572585
10.05 0.9225981659817545 -0.3857623933551623 0.6660574705166818 -1.352295823491077 1.1747622921325662 -0.09701891790996886 -12.82581202376967 7.355493219588237
10.100000000000001 0.9011358541047199 -0.43353681786782194 1.0244457998664298 -1.425905024369947 1.1223823941350428 -2.0570811634032986 -12.442746015827506 8.119578524851924
10.15 0.8188997631562254 -0.5739365626118256 1.3625132083782694 -1.4132722655184873 0.9594913879069025 -4.537488617658781 -11.991634351943071 10.148975270346865
10.200000000000001 0.6471794241823268 -0.7623377157894209 1.5406744113818072 -1.2114108811527058 0.7038786959225601 -4.845911155489764 -11.46130204212787 10.072126459489441
10.25 0.48807581713804893 -0.8728012355198782 1.4877660378266369 -0.8976902423221255 0.5098837844895884 -3.009268770079437 -11.020465864718153 7.762967749937704
10.3 0.3809394016413209 -0.9246000066391695 1.3263793034789346 -0.5988034566063564 0.39081209277693285 -1.8412843192659991 -10.663720163752235 6.662245389912649
10.350000000000001 0.31468109592684246 -0.9491974546248433 1.1093182181656651 -0.34211274557675453 0.32012066300813935 -1.0205169098263442 -10.343187567950405 6.239746156468144
10.4 0.28270730977653297 -0.9592062223520631 0.8543367460612361 -0.1386943165439678 0.2866153880779357 -0.33284570756290577 -10.033268323126364 6.2107380069886675
10.450000000000001 0.2818783285792553 -0.9594501591418729 0.5705272848733698 -0.0020151587213126376 0.2857512613341487 0.28515375524132364 -9.717593390267321 6.451707144021166
10.5 0.30762524818455134 -0.9515075967533801 0.269015433260149 0.0477467663551846 0.31269624402623564 0.7501097508399758 -9.386158546681127 6.802543507435111
10.55 0.34663377317276417 -0.9380005475989941 -0.028135518372376822 -0.010882443949435827 0.3539799872134704 0.8100661132786248 -9.04063004352402 6.958121500197352
10.600000000000001 0.374631834420426 -0.9271736561393376 -0.2904799033092008 -0.1804298069284611 0.38399965888877946 0.30482712922128946 -8.6971345194598 6.726521604643858
10.65 0.36963643176820116 -0.9291764677980561 -0.5000777545888603 -0.4356207626853762 0.37861771016047 -0.5510563452864266 -8.370155026970066 6.36640391029293
10.700000000000001 0.32162459799630666 -0.9468672652297756 -0.6579636227892778 -0.7458525451266625 0.32744474953111047 -1.5036510080019927 -8.05637530880929 6.246824476389378
10.75 0.22488604475263288 -0.9743850711477043 -0.76834585878267 -1.0905331912342509 0.22682608366253357 -2.549969389670547 -7.737570768542153 6.60439779481358
10.8 0.06650884994777957 -0.9977858351763788 -0.8243358505483801 -1.4520937919610992 0.06655798064926029 -3.9655073421695426 -7.382386413211179 7.797259895366451
10.850000000000001 -0.18644688033055948 -0.9824650430498797 -0.7874966055427809 -1.7816766719832386 -0.18754436125758958 -6.4136057908224 -6.927999219159725 10.74333320203404
10.9 -0.5090232593509944 -0.8607527644101356 -0.5786172110657173 -1.8583281660138082 -0.534049657349811 -6.2214656840634905 -6.352835559295013 10.728262856793714
10.950000000000001 -0.6972434549246321 -0.7168344052602125 -0.318054784432169 -1.6421537837291593 -0.7715448264591247 -3.485511983556081 -5.894265978639059 8.003562005960596
11.0 -0.7823287860521064 -0.6228656921955465 -0.09199354145124561 -1.3463553258889878 -0.8983959134066458 -1.6688295216504012 -5.521232985135608 7.1247359095639125
11.05 -0.8086198884045765 -0.5883314338674844 0.08974482165076347 -1.0275817585425893 -0.9418025128164357 -0.07255529880051881 -5.167152994530482 7.144088319350497
11.100000000000001 -0.7866025857688016 -0.6174596116847119 0.20963653647808445 -0.7041060848082847 -0.9052873035755006 1.5342235154940416 -4.799144239442491 7.62494531751028
11.15 -0.7103805909869065 -0.7038177434173518 0.24208857245061977 -0.39918272786493914 -0.790038814074319 3.03441372910653 -4.402833772778816 8.215125932018728
11.200000000000001 -0.5717392756612347 -0.82043537263234 0.172640237594901 -0.15267857540406893 -0.6086242354896695 4.133167534324267 -3.981197802126043 8.601220732371523
11.25 -0.37693336904163677 -0.9262403766317474 0.017804837379729987 -0.007446739087797916 -0.38648321992534534 4.653776720104628 -3.5473755553429407 8.714482462193248
11.3 -0.15211271812102609 -0.9883631523816705 -0.18131491114503923 0.011210372639169686 -0.15270551586731734 4.606602209095321 -3.1123863085225874 8.665648140603523
11.350000000000001 0.06525482200067673 -0.9978686327396307 -0.37761473663064643 -0.10128257773001981 0.06530122222518596 4.026810373432217 -2.6827959616437576 8.494639861339792
11.4 0.2395083597368648 -0.9708943019794465 -0.5287574654813896 -0.33076336084184255 0.24185944061479217 2.9646167849409775 -2.265465017602062 8.17584836730206
11.450000000000001 0.34882253206837455 -0.9371887969461691 -0.6078456822982706 -0.6460085647521984 0.35631442656807494 1.5770414000287358 -1.8662566235128608 7.8001311755881035
11.5 0.3869685957945699 -0.9220928943814602 -0.6091210846282371 -1.010440778086676 0.3973417899753135 0.05010536136828955 -1.4823331065152734 7.613565567917131
11.55 0.35174803650222963 -0.9360947167978388 -0.5377262704337252 -1.3930798996000855 0.35943782143495356 -1.6016637042122202 -1.0961935281893371 7.9568758712856535
11.600000000000001 0.22748749204014138 -0.9737810025695134 -0.3917079544488963 -1.759017908889664 0.2294967448308849 -3.736829538677693 -0.6677176890627162 9.467549885027973
11.65 -0.029592735674016934 -0.9995620390927857 -0.1458607996126203 -1.9927799091031722 -0.029597056584769986 -6.426762356822669 -0.11653162746065637 12.476787773754527
11.700000000000001 -0.30525003195154427 -0.952272239432391 0.13916049817890824 -1.8480954813217552 -0.31020098175330574 -4.196926081646129 0.4605161330604523 9.981308726867132
11.75 -0.44104971227071393 -0.8974826746550155 0.3458513970867712 -1.514561797695132 -0.45676795613859855 -1.8332555439109086 0.9057709232051944 8.161059254866307
11.8 -0.48207923736703323 -0.876127621354115 0.48112694588249755 -1.144891176453893 -0.5030263800287572 -0.061449645326166875 1.2986872019079057 7.697383482003427
11.850000000000001 -0.4485953396467501 -0.8937349837883806 0.5448771993339285 -0.7796634523211303 -0.4651930436277814 1.5599596501926583 1.6851167072828026 7.82012197366385
11.9 -0.3421607660742697 -0.9396414263746937 0.5291062622009094 -0.4488321299666711 -0.3492155020784606 3.0435254783398062 2.0838147099564748 8.132476850452143
11.950000000000001 -0.16540670633315704 -0.9862254415193398 0.43559325630781165 -0.1869763909064821 -0.16617038383993954 4.209194848509533 2.4968410047255056 8.360331144796575
12.0 0.0639363870750418 -0.9979539760969893 0.286716590382344 -0.0230852767254498 0.0639800279186237 4.917499700454125 2.9169272333133467 8.419867076136143
12.05 0.3127372286423131 -0.9498396842736808 0.11797619572797499 0.03101103834324226 0.3180734501697974 5.176740151934172 3.3376064653862727 8.405475929865831
12.100000000000001 0.5438706938531849 -0.8391690344427964 -0.03403438130364966 -0.023065043453919243 0.5750427835993933 5.036002308782624 3.757752021394687 8.401824066516717
12.15 0.7274250942208242 -0.6861870971519539 -0.13258984073303848 -0.17591823502503234 0.814561964693151 4.466550073729152 4.176891594141745 8.339710663552406
12.200000000000001 0.84863373358463 -0.5289808940048886 -0.14360739900862018 -0.4046525593821484 1.013397090022945 3.404933733548129 4.587738095468511 8.043680856468235
12.25 0.9120449625011386 -0.4100902173623465 -0.05324095717895583 -0.6712857251096165 1.1482433491379764 1.9422454792487154 4.976649477329616 7.482498645766983
12.3 0.9340054040672556 -0.35725887696901604 0.12205651677639562 -0.9409874135569871 1.2054648909444936 0.3464182762220752 5.335702214839504 6.906397442621657
12.350000000000001 0.9260555863207863 -0.37738713682909836 0.35280251341481417 -1.1967655075491583 1.1838231551691103 -1.202857344933459 5.672714768326684 6.6538409928527456
12.4 0.8840873983436405 -0.4673215938622708 0.6160803690490966 -1.4307385504541266 1.0845375547860876 -2.8025622193768904 6.011861520899515 7.056252844927879
12.450000000000001 0.7801464619722858 -0.6255969132533542 0.896083851738252 -1.6188534368434357 0.8948998986320315 -4.942202877814882 6.399384008959803 8.750441106804129
12.5 0.5477244987576819 -0.836658755682773 1.135086759560189 -1.6459829024774721 0.5796420606060113 -7.238244134479919 6.910981090907343 11.230854415298982
12.55 0.260236314135731 -0.9655449553516652 1.1614019617171665 -1.3990198399979752 0.2632669417402349 -5.17304971951549 7.4056364281302365 8.287383149816794
12.600000000000001 0.04652149162581745 -0.9989172892771999 1.0425544513608596 -1.0879023617413621 0.04653828867318785 -3.668308787501751 7.764878705351235 6.335274021614122
12.65 -0.1143982844609045 -0.9934349664232692 0.8653553372120307 -0.7932279714936044 -0.11464928657922617 -2.847267225578879 8.055550822637262 5.3955355404313705
12.700000000000001 -0.24030112791312633 -0.9706983918415026 0.6567303942456154 -0.5287318226831885 -0.24267605692647162 -2.302815403970695 8.311771434141342 4.906905746003902
12.75 -0.3399970952471869 -0.9404264858155981 0.42707344436158756 -0.2988637162721157 -0.3469138087642666 -1.8804022564229084 8.550515489997021 4.677479546066075
12.8 -0.418591254057604 -0.9081747420108547 0.1806203689975142 -0.10758406582504565 -0.43189358073543266 -1.5313755115433965 8.782261959402817 4.611725584152091
12.850000000000001 -0.48090680630184024 -0.8767717169551972 -0.08039787521954894 0.03952113804440416 -0.5016886752732868 -1.2808226200728157 9.012705758035095 4.608045141478275
12.9 -0.5330167071449923 -0.8461047156849496 -0.352174507216069 0.1374074086556034 -0.5621619841007659 -1.1590173463369056 9.242935258016363 4.600402097706994
12.950000000000001 -0.5805332353683128 -0.814236552012251 -0.6288226734267214 0.18459683257799342 -0.6193834278900239 -1.1448478239075695 9.473086185995896 4.613678175479578
13.0 -0.6272214762624784 -0.7788409463524097 -0.9042813059366224 0.18201172226069995 -0.6779805532974426 -1.2117813075042798 9.70551075447162 4.698887525059953
13.05 -0.6757095161937815 -0.7371679928789405 -1.172665279197298 0.1306078823432234 -0.7419267672982022 -1.3615593896013751 9.944865106857424 4.897898676152107
13.100000000000001 -0.7284254971221116 -0.6851250215416196 -1.4269280289562896 0.030482561580054135 -0.8160210092245563 -1.6256496102340885 10.198080731488037 5.265403185753904
13.15 -0.7879982037001674 -0.6156775381360843 -1.6560088727654025 -0.11913199300560684 -0.9075508268757166 -2.0755688464885633 10.475959800821071 5.910037483034532
13.200000000000001 -0.8567003098390915 -0.5158144813027301 -1.8370970280417822 -0.31878079144895444 -1.028838230305748 -2.839575974433803 10.797242914123187 7.044947814768596
13.25 -0.9301664542628634 -0.36713807670146725 -1.9116709262807416 -0.5585772874418639 -1.194865967669599 -3.7121624646492863 11.188202556304987 8.525197575341853
13.3 -0.9793556629207997 -0.20214471426421451 -1.7948071844917743 -0.780970090321262 -1.3672489751803023 -2.810863103215999 11.612861782234024 8.046610103551526
13.350000000000001 -0.9941942263278774 -0.10760037330935861 -1.544471720262198 -0.9425822172253587 -1.4629872342227996 -1.041655833279693 11.983674077578875 6.885632913049794
13.4 -0.9954335968485258 -0.09545655695239827 -1.2474196057694984 -1.0631874344736643 -1.4751942062193932 0.5242467730636043 12.311638673150961 6.304971462807144
13.450000000000001 -0.9875130163913738 -0.15753743192527397 -0.9359969634724049 -1.1562095985002967 -1.4125998796028005 1.9622731942442808 12.617909480974713 5.951773700686244
13.5 -0.9583456909565653 -0.28561081321438714 -0.6264481995550699 -1.228926272221285 -1.281152597008207 3.265481112350666 12.904684992661167 5.473493593723371
13.55 -0.8866836135681209 -0.4623766532057813 -0.32830297668707054 -1.2919615279210286 -1.0901226109783546 4.325349819144736 13.158803112874814 4.6130329700322115
13.600000000000001 -0.7540002807516798 -0.6568740949576167 -0.042683070325609695 -1.3597452255012419 -0.8541308528508299 5.059542915647987 13.35774109361986 3.2641716214180287
13.65 -0.55530098717261 -0.8316494535831337 0.23528743701034915 -1.4439973477967951 -0.5887248383402531 5.526210976189603 13.478139947746731 1.4925431423875102
13.700000000000001 -0.29768186072709446 -0.9546651296627812 0.5072394480216157 -1.5480466989099761 -0.3022635092259184 5.952507370816126 13.501913455717018 -0.5907096077217027
13.75 0.012139086354771247 -0.9999263185767596 0.7609877462634221 -1.662667357409438 0.012139384505278347 6.720915063964488 13.4126937442753 -3.0684841638716587
13.8 0.37193531052699424 -0.9282586518762905 0.9531807683148866 -1.741986934413492 0.3810930349356172 8.051833363394035 13.186629027210818 -5.891750577121514
13.850000000000001 0.7024990176957047 -0.7116847125915872 1.0205451689080625 -1.6597599446797406 0.7789028505748674 7.33254438465843 12.890038528935884 -5.108550876915436
13.9 0.8930378302437127 -0.4499815926830805 1.024614007951024 -1.441287655138029 1.1040515998783376 5.80028852821234 12.69832942806698 -2.69481942225957
13.950000000000001 0.9799796441339382 -0.19909770737785934 1.0201177484401631 -1.19829184896532 1.3703592181479936 4.930658354102646 12.606519504018404 -1.0849579955498458
14.0 0.999507664713866 0.03137559845220622 1.0149171175601481 -0.9685056688805598 1.6021770753660984 4.372243788325361 12.5817806771029 0.03269945075340508
14.05 0.9716787134481183 0.23630589885106468 1.0097086516569096 -0.7629707013952512 1.8093586373052493 3.9238649848282083 12.604409725504944 0.8242696701289041
14.100000000000001 0.9113940985916864 0.41153468511444735 1.0045885558611327 -0.5841132411799097 1.994933637573525 3.4994990494276896 12.659700503804626 1.3448330918235227
14.15 0.8318211045613784 0.5550438271040301 0.9995435407844453 -0.43079043096747716 2.1592119801420373 3.0702886484301297 12.734889536456851 1.6254284750038368
14.200000000000001 0.7444482560780783 0.6676801584758288 0.9942336655665864 -0.3006210597443375 2.3018845532495096 2.636759946856453 12.818829247713044 1.701400547303338
14.25 0.6583129943039854 0.7527443135158982 0.9879668003469573 -0.1913575709019768 2.423017235632081 2.2109706528371578 12.902307474716391 1.6140255939502604
14.3 0.5796295809206515 0.81488008254083 0.9799110973345042 -0.1015121411371247 2.5233186052688144 1.8052085071778317 12.978194640611948 1.4042162955807242
14.350000000000001 0.5120760237815413 0.8589401293850966 0.9693337282697203 -0.030394111317577077 2.603992639970117 1.4264887002696685 13.041279822200467 1.107177539926826
14.4 0.45748567770018567 0.8892169896595554 0.9557083094690072 0.022167850802160993 2.6664270874194655 1.0751453808483744 13.087918274942716 0.7502341364370149
14.450000000000001 0.41661623632186157 0.9090824559043073 0.9386780887697534 0.056174827717833886 2.7118726968855698 0.7455870718764959 13.115637220826459 0.35312746406476364
14.5 0.38979451066577103 0.9209018620107313 0.9179456961182191 0.07175150706458056 2.741184210660922 0.4278432798694553 13.12279244947918 -0.07042803970355734
14.55 0.37736538621914123 0.9260644498541548 0.8931691081750199 0.06935766196435256 2.754642969221346 0.10921806872151107 13.108316151840173 -0.5107430605645124
14.600000000000001 0.3799406552288245 0.9250108639925758 0.8639213390953141 0.04993218316203185 2.7518605137167764 -0.22412164570573714 13.071568578341061 -0.9600200920318125
14.65 0.39845389241697876 0.9171883643056964 0.829750134240743 0.014977994276235362 2.7317621294536916 -0.5855028512220256 13.01229963883983 -1.4100705416084374
14.700000000000001 0.4340055325973675 0.9009102051119608 0.7903571631481204 -0.03344171756162129 2.692658518112061 -0.9858300493296327 12.93073088015129 -1.8497690317272364
14.75 0.48745232566893787 0.8731496035616941 0.7458860189801645 -0.09287939505145248 2.6324230833021756 -1.4312768077030722 12.827771077937925 -2.2622868934179436
14.8 0.5586864660544499 0.8293789439379263 0.6972369915102866 -0.16097642253206534 2.5487914560507057 -1.9207681943346968 12.70536828833952 -2.622498945681364
14.850000000000001 0.6456021592862752 0.7636739172741851 0.6462043186931297 -0.23632590142782284 2.439781129765025 -2.443809398552598 12.566972773802418 -2.895267515881976
14.9 0.742902526428348 0.6693996087736964 0.5951253612963648 -0.3196210732474404 2.3041966501026603 -2.9793338659481345 12.418050231986026 -3.0352160748585315
14.950000000000001 0.8411663213810223 0.5407764970616963 0.5458291475464807 -0.41461659154185104 2.1421562821023183 -3.4960869099875413 12.266562198587911 -2.9883511694897575
15.0 0.9268950296812113 0.3753206681655921 0.49817255914771347 -0.5281155737793799 1.955539036595156 -3.9558302228743614 12.123292390838236 -2.697120530746007
15.05 0.9843195146948683 0.17639470794459475 0.44921368651271376 -0.6683903254488067 1.7481188416177376 -4.323668305272893 12.001737599873028 -2.113775714455907
15.100000000000001 0.9989461309144897 -0.04589801227690819 0.39430224931729807 -0.8423939485170633 1.5248821842193527 -4.5908207897739475 11.917051929217086 -1.223985614420951
15.15 0.9608290070278925 -0.2771418756770511 0.33013396080698654 -1.0531726474074055 1.2899781432969404 -4.80398283785243 11.88392208580755 -0.05966883745671028
15.200000000000001 0.8641345052013913 -0.5032609232995808 0.2578667045443471 -1.2985214805300211 1.0434280505609603 -5.08333756401489 11.915011518509655 1.3439668090584067
15.25 0.7011648057786328 -0.7129992392263909 0.18465141938235707 -1.5692783535772266 0.777029857585337 -5.646241359976778 12.023596506836974 3.0759121190430734
15.3 0.45011914664469577 -0.8929685066248703 0.1251639915581132 -1.8386979326144897 0.4668987621610078 -6.939485273254632 12.235406304989798 5.598775256553395
15.350000000000001 0.06680742370573146 -0.9977658884416739 0.09988901200976816 -1.9972185429057472 0.06685721995455135 -8.854475768021915 12.599458239671522 8.580422247308013
15.4 -0.3347309082910596 -0.9423137582751523 0.061998072263252046 -1.860249549051575 -0.3413196507394984 -7.129760279145772 12.974321253311585 5.834083453497026
15.450000000000001 -0.6126656934709175 -0.7903421714952327 -0.025496766145197136 -1.5998065936801504 -0.6594290341469433 -5.786312573878923 13.193927536163176 3.160101886348615
15.5 -0.8032838071637276 -0.5955964448756786 -0.1309999009764895 -1.3358898660821816 -0.9327883740250446 -5.227671268754945 13.30366023332249 1.3067577974864966
15.55 -0.9273058713290233 -0.3743044496111699 -0.23591676711650178 -1.096787049108353 -1.1871497425030657 -4.973296083401057 13.329780584621938 -0.2228880087268912
15.600000000000001 -0.9902578248310765 -0.13924597071666023 -0.3317378424213907 -0.8918092124227291 -1.4310964003653617 -4.780581589154601 13.285221043365196 -1.517156227706701
15.65 -0.9956735185919922 0.09292063481617924 -0.4174440516336374 -0.7229535488304519 -1.663851200418826 -4.509305858765716 13.182927526447795 -2.520197711025491
15.700000000000001 -0.9526586690233914 0.3040418726665464 -0.49746842058558716 -0.5863523308900187 -1.8797288540151342 -4.102468796850984 13.038956484472118 -3.1801441451614187
15.75 -0.8770098441377783 0.4804724063725512 -0.5774930685033905 -0.4736186276035469 -2.0719896154932047 -3.570238690360449 12.870556751919729 -3.503014500580305
15.8 -0.787157051466149 0.6167526054481801 -0.6604447690083817 -0.37518690756374895 -2.235406856785415 -2.957459713159326 12.693424452547973 -3.5402920470946073
15.850000000000001 -0.699229521426458 0.714897248816728 -0.745465503884148 -0.2840332962794625 -2.3672734731205893 -2.3166893107695543 12.520118142414638 -3.362127731816261
15.9 -0.624286809479723 0.7811952249659672 -0.8295705052761462 -0.19750728562658348 -2.4673744019300257 -1.6933326637547577 12.359617046621223 -3.039290304973519
15.950000000000001 -0.56807984015911 0.8229734474482151 -0.9098434596754388 -0.11681250072035487 -2.5374218802078814 -1.1183155377713185 12.217577737339184 -2.6326081989438403
16.0 -0.5323148893230902 0.8465464302712205 -0.9846545775467898 -0.045299299918528435 -2.580259922207003 -0.6060557526579284 12.096983592761966 -2.187764854171221
16.05 -0.5162868763184575 0.8564157059170096 -1.0537695412049333 0.013140907914287125 -2.599083053291902 -0.15681409762873538 11.998921544316953 -1.7353190675149237
16.1 -0.5182072626907978 0.8552550689089837 -1.1178980013225752 0.0550232162567208 -2.596839180702818 0.23871878329945104 11.923256026261448 -1.2943973193179916
16.150000000000002 -0.5360275355296182 0.8442004981958041 -1.1781712745235349 0.07761624420221158 -2.5758682061236398 0.5948798469454136 11.869079130968249 -0.8775670913333972
16.2 -0.5678175756577157 0.8231544209771301 -1.235762967592326 0.07894413255502042 -2.5377405243475084 0.9276619125200523 11.834926049028926 -0.49517050992557954
16.25 -0.6118209441294121 0.7909962909676598 -1.2916794910088907 0.05765301784454446 -2.48323201723523 1.2525856069844636 11.818800884954104 -0.15855653859996982
16.3 -0.6662821180457704 0.745699764766251 -1.3466788250192734 0.01285576967615465 -2.4123808045155726 1.5835049968667207 11.818066790365338 0.11768019664732107
16.35 -0.7291011887862675 0.6844059150171421 -1.4012651280993493 -0.055996434173566256 -2.3245848954115718 1.9321616255206788 11.829243036614981 0.314168765377116
16.400000000000002 -0.7973505316536796 0.603516470091409 -1.455706832303098 -0.14918996763528725 -2.2187003068942324 2.30868553559505 11.847737663671964 0.4056693456351679
16.45 -0.8666840432349112 0.4988574638130481 -1.5100155547552774 -0.2667302622412042 -2.093076316923045 2.723787617637054 11.867528688453989 0.3600021161760943
16.5 -0.9306492841257858 0.3659124348203573 -1.5637869359054122 -0.4081267850509491 -1.9454093693492038 3.1941570568840763 11.880770481621717 0.13580720879363684
16.55 -0.9797880667336129 0.20003835703786774 -1.615685244038006 -0.5717354309961035 -1.7721933957294973 3.7537901080287854 11.877200162858312 -0.32393029592542166
16.6 -0.9999941685903607 -0.0034150820302347546 -1.6618876576867718 -0.7530129803008871 -1.567381238126399 4.474403168233151 11.843028655216253 -1.1059211322825515
16.650000000000002 -0.9687508984239714 -0.24803567647164837 -1.690849562546634 -0.9398257597138601 -1.3201442865893773 5.466585656938247 11.759539406961936 -2.3015717582590396
16.7 -0.8516815361340118 -0.5240596922187489 -1.6670645326388194 -1.1029815945603696 -1.0191856495123248 6.4882706366246445 11.61298015878712 -3.396542240690831
16.75 -0.6380140493887297 -0.7700247221892266 -1.5339279723917933 -1.214252414447668 -0.691916427372716 6.396695744141252 11.455886330566255 -2.516394470239555
16.8 -0.3774955501607617 -0.926011398206752 -1.3048851208021313 -1.3001084234095948 -0.3870902444233095 5.8081121839900565 11.378997196957503 -0.5253653040053972
16.85 -0.10867215566520731 -0.9940776441420845 -1.0269407982047989 -1.390035596617465 -0.10888719689772274 5.330773663036613 11.40268512020795 1.453182765567161
16.900000000000002 0.14450853166120764 -0.989503554454011 -0.7201623584040697 -1.4918423364266165 0.1450162727374514 4.795520771263206 11.521875767914713 3.283706610052725
16.95 0.3579211349874093 -0.9337518198800604 -0.3861735369726268 -1.6018260067490684 0.366040583679841 3.986634879711285 11.727191928893737 4.883844786330112
17.0 0.5117189848241173 -0.8591528854462254 -0.019963699412840152 -1.706096521872277 0.5371843912416066 2.7919014718557005 12.005784512754964 6.222664302255764
17.05 0.5960926573373181 -0.8029156517770312 0.37927414444784163 -1.7791275818764314 0.6386258242839918 1.2013911244364908 12.347816342718945 7.4720282768763955
17.1 0.6064066381655526 -0.7951546951309238 0.7966474947462848 -1.776892142968903 0.6515336886270331 -0.7166653635609721 12.75777809212276 8.988328169206397
17.150000000000002 0.5467197996267815 -0.8373156278823726 1.169488406209731 -1.6197217006187308 0.5784416849967726 -1.8318398606949355 13.238646935653575 9.8633479783821
17.2 0.4886059630173995 -0.8725045632567429 1.3945073348703854 -1.2959932933014495 0.5104912950627122 -0.6918532668027414 13.699873957326966 8.418252885447062
17.25 0.48814795641173625 -0.8727608908807989 1.4867539293303893 -0.9255445138257089 0.5099664389795721 0.6085459123233998 14.084358777257702 7.0559256071573575
17.3 0.5353556062489675 -0.8446267666003727 1.4976047679602544 -0.5724566896522889 0.5649287127463251 1.5311508231173034 14.412814468843285 6.131214485933983
17.35 0.6113364637918794 -0.7913707904885294 1.456761500752838 -0.2572766912142894 0.6577482875158249 2.132652778523305 14.700602792275937 5.399091863444039
17.400000000000002 0.6987486449689312 -0.7153672701166042 1.383308351538599 0.013589524310370193 0.77364675039345 2.4612760710687116 14.95396374537336 4.744291126356926
17.45 0.7833596572667103 -0.6215686988314181 1.2906883568991123 0.24018392839364344 0.9000526837213121 2.560784693338726 15.175881162259833 4.141686609821907
17.5 0.8556167774839163 -0.5176098241803746 1.1879020763673585 0.4255690984774324 1.026741256289606 2.481299274035337 15.369237748770802 3.605597438030492
17.55 0.9111468527357637 -0.41208180346833156 1.0803689473071783 0.5734961400292201 1.1460586252957736 2.2741403735330916 15.537922940984375 3.1581158524036055
17.6 0.9498579389191855 -0.3126817805248603 0.9710519406635237 0.6870936013935289 1.2527812523547524 1.9841836227941065 15.686767679210035 2.8133027471427536
17.650000000000002 0.9743199883068385 -0.22516784936078707 0.8615235997171385 0.7684502738239309 1.3436810207025012 1.6461274573048141 15.821000221639297 2.5729604413264036
17.7 0.988197803162591 -0.15318322958022867 0.7527263603295082 0.8186980386877147 1.4170076049161204 1.2846136880586736 15.945666890305047 2.42859747364133
17.75 0.9951264009864389 -0.09860753551213657 0.6454273025564996 0.8382545357434393 1.4720282871500874 0.9160421825635487 16.065213172110006 2.3653377800755986
17.8 0.9980703442955843 -0.062093379982843706 0.5404702157659679 0.8270647175283237 1.5086629763436907 0.5503621541699443 16.183257548056076 2.3654792783250937
17.85 0.9990494243362777 -0.043591831039221575 0.4389131537304066 0.784808650824319 1.5271906780570508 0.19207648670449515 16.302513557266174 2.4107800352463995
17.900000000000002 0.9990836253578284 -0.04280081239717932 0.34209021644789894 0.7110955071646754 1.527982435743898 -0.15970555561354233 16.424786994059712 2.4831445447182197
17.95 0.9982255111864992 -0.05954686235606812 0.2515821536707973 0.605677683701637 1.5112142176725192 -0.5120929524417902 16.55096507630257 2.563633190912677
18.0 0.9955598906276185 -0.0941302511073049 0.1690029538852843 0.4687228650101498 1.476526511580761 -0.8795055029369546 16.680926026907915 2.6305709989093615
18.05 0.9890506264333612 -0.14757661858091123 0.09538477620159269 0.30115642915407603 1.4226787142102073 -1.2818299087153133 16.813412463588154 2.6613906582486337
18.1 0.9751835007506783 -0.22139814783247838 0.02992287762554502 0.10491819311459225 1.3475483611315497 -1.730531846631731 16.946355631447144 2.6517838141666754
18.150000000000002 0.948748854593752 -0.3160310283928519 -0.03132870233176699 -0.11741586680918539 1.2492531448969304 -2.2000373189842577 17.078814865384853 2.6583125930555225
18.2 0.9036384628932287 -0.42829607560654 -0.09429441186793619 -0.364031174837012 1.1281900205864013 -2.632547976042075 17.214450376128504 2.7991308596920343
18.25 0.8343101265895433 -0.5512953951105888 -0.1621938447702328 -0.6348408023104729 0.9868802297841655 -3.0154790690655124 17.362402497341503 3.1574180309358044
18.3 0.7353948734648637 -0.6776388271650298 -0.2321930357086176 -0.9301732565430673 0.8262492165403096 -3.4237813407419786 17.53405828541594 3.7491474098818545
18.35 0.598637386552379 -0.8010201491983442 -0.2959225068967618 -1.247968241298827 0.6417989276941921 -3.9974773610972507 17.742110383941068 4.635136058957539
18.400000000000002 0.4073562919914221 -0.9132693202856423 -0.33904410019746634 -1.578766468694464 0.41955741316447037 -5.000604337811494 18.00691927642721 6.101441838917118
18.45 0.12346958313493012 -0.9923483572014853 -0.3321598215676918 -1.8825179172125734 0.1237854652022992 -7.089809267663182 18.376476773661885 9.036504114084172
18.5 -0.27538818903569223 -0.9613331084174943 -0.2282123297763666 -1.9602197077385304 -0.27899348188648754 -7.936153078054985 18.896749297143995 10.288035453234636
18.55 -0.5696723587018037 -0.8218718900967008 -0.11723838620268257 -1.7136697935079304 -0.6061071475913788 -5.342090347478924 19.319048664114707 6.889100154651381
18.6 -0.7413443332210001 -0.6711248614088967 -0.04672989680373174 -1.3905070857658242 -0.8350712529283181 -3.955759853166252 19.617439718712017 5.257036617410764
18.650000000000002 -0.8468194046256307 -0.5318805278908906 -0.0004921245541908981 -1.0645437751746494 -1.0099766108677415 -3.086319265284073 19.858607958836846 4.483981327517904
18.7 -0.9112152275763354 -0.4119305876394798 0.02910168407248004 -0.752230610659217 -1.1462245811506921 -2.37443142881665 20.073116303364802 4.154903542356602
18.75 -0.9482822558820037 -0.31742835912901396 0.04173533413135733 -0.4583722183926824 -1.2477799687579278 -1.688666166287839 20.278937521913956 4.115484911145133
18.8 -0.9676119317440901 -0.2524423687625958 0.030171434630672844 -0.1858964914609511 -1.3155927793875348 -1.0367534692590505 20.48694733854928 4.210456388887581
18.85 -0.97652375137101 -0.21540975606571292 -0.015063337677409305 0.05953364338248321 -1.3536849094976622 -0.5160939297775691 20.698883080877458 4.244040737361232
18.900000000000002 -0.9799336921254511 -0.19932375432291446 -0.09690691199694268 0.26999884855902523 -1.370128547801636 -0.1668365958839725 20.90887573893144 4.134966058562039
18.95 -0.9803416831456956 -0.19730733460027433 -0.20958911505755362 0.439827249915065 -1.3721858291784108 0.07322485433834713 21.11112708985431 3.950644306276989
19.0 -0.9785763405460167 -0.20588430179002556 -0.34431695213767677 0.567236017575517 -1.3634290437711536 0.27447494398413674 21.3040983832295 3.774167578446914
19.05 -0.9745733869675827 -0.2240685462409536 -0.49359894062041365 0.6526660669465458 -1.3448091511761249 0.4705958161862557 21.489382751522086 3.6471583440966526
19.1 -0.9677992108164817 -0.2517234346321281 -0.6520361881720536 0.6971146514133544 -1.3163357058713094 0.6683246435024208 21.66988786328864 3.5842998546812237
19.150000000000002 -0.9574575784008005 -0.28857405559556965 -0.8157582403221095 0.7013356865466425 -1.278059126957809 0.8608792870881706 21.848970710823853 3.590876469106614
19.200000000000003 -0.942677746300644 -0.33370446000846116 -0.981708332774769 0.6655335563417404 -1.2305657506519174 1.0341862793657062 22.030189078181497 3.670278171391871
19.25 -0.9227978558717111 -0.3852844627007071 -1.1469988623854324 0.5892584602525275 -1.175280262950873 1.1689549873979892 22.21727166903182 3.8260940857031236
19.3 -0.8977823219227224 -0.44043944242431915 -1.3082776532977443 0.47142325717431616 -1.114708236663881 1.2413024452613342 22.414145779227887 4.06282703328844
19.35 -0.8687424323506889 -0.49526415803428453 -1.4610112502714223 0.3104762761743863 -1.0526574520573788 1.2230673365961156 22.625020328921092 4.387762686707883
19.400000000000002 -0.838458263163588 -0.5449658162974073 -1.5985726792835329 0.10482343754312451 -0.9944479823117088 1.0818823029384985 22.85463775390428 4.816248092542973
19.450000000000003 -0.8117463752263814 -0.5840101217503262 -1.7108756216332184 -0.1463269049646317 -0.9471362475028371 0.780493278577039 23.108924545926527 5.3826807908594585
19.5 -0.7954469151178596 -0.6060232711946635 -1.7817615976669656 -0.441149540758138 -0.9197446783732748 0.27915416794498615 23.39631491356359 6.154512224188747
19.55 -0.797094495688807 -0.6038545892370171 -1.7831920648873303 -0.7700219266435107 -0.9224682252805966 -0.40496313212349966 23.728886590495417 7.1846735935981245
19.6 -0.8168368844428928 -0.5768687062179991 -1.6692448776122437 -1.0997459510671126 -0.9559062870046038 -0.7873205941829752 24.112167803318044 8.003776310932329
19.650000000000002 -0.8298440034890764 -0.557995456857152 -1.416702092571804 -1.367685263683303 -0.9788280603075633 0.0729356024139527 24.50556825828056 7.520941051386549
19.700000000000003 -0.8069648142892579 -0.5905995161690394 -1.0811024944691017 -1.552289971724055 -0.9389947605422992 1.5353236453387389 24.85504831194506 6.4444503369123
19.75 -0.7358594953250746 -0.6771342578395562 -0.7189741970622376 -1.6769916910281957 -0.8269351201017812 2.9161058428639506 25.149627329454656 5.324940991588149
19.8 -0.6059394957555801 -0.7955107337324074 -0.3567721831548295 -1.7639711874068564 -0.6509463339412944 4.086202491604271 25.38456158336633 4.0293527335163475
19.85 -0.40934553447127536 -0.9123794349986336 -0.0063079069197469195 -1.8275628432713336 -0.4217366293875861 5.054594989965297 25.547574804791868 2.4388319119595256
19.900000000000002 -0.14657152807841192 -0.9892000743816992 0.32479066990932526 -1.8711397992541925 -0.14710147199583265 5.927015913447717 25.623575918074994 0.5617980734237751
19.950000000000003 0.16977395967859318 -0.9854830300999867 0.6230495742526186 -1.876853445377799 0.17060029451521555 6.750218262003287 25.603177956226713 -1.3087225875478836
