0.1 0.3539564621359079 -0.935261900706017 -3.820193938047862 0.3617980606195214 -0.3820193938047862
0.2 0.2848720955100659 -0.9585655372480819 -3.472312893553257 0.2888729923035102 -0.729250683160112
0.30000000000000004 0.1868964467791322 -0.9823796201984928 -2.794595256953747 0.18800197141796154 -1.0087102088554867
0.4 0.06874215366391132 -0.9976344602657063 -1.833454142903287 0.06879640910338002 -1.1920556231458153
0.5 -0.05712164924507994 -0.9983672256176692 -0.67436052744297 -0.057152758485631214 -1.2594916758901122
0.6 -0.17656772640357415 -0.9842884932745443 0.5603633790942343 -0.1774982922837001 -1.2034553379806887
0.7 -0.2768577931503489 -0.9609109024107899 1.7321293960190625 -0.28052253212157835 -1.0302423983787825
0.7999999999999999 -0.34889056719770273 -0.937163471396781 2.715974950804923 -0.3563870224514074 -0.7586449032982903
0.8999999999999999 -0.38759880946537145 -0.9218281634345019 3.422616464209464 -0.3980253481391418 -0.41638325687734384
0.9999999999999999 -0.39092857023798383 -0.9204210194099686 3.802344320855294 -0.40164023061832327 -0.036148824791814416
1.0999999999999999 -0.3587281704790859 -0.9334420708885623 3.8350092740346216 -0.3669050203571585 0.3473521026116478
1.2 -0.292632386102351 -0.956225018813064 3.519123352399833 -0.2969785765719954 0.6992644378516311
1.3 -0.19704694702401157 -0.9803940537704808 2.8707237076640633 -0.19834489571019165 0.9863368086180374
1.4000000000000001 -0.08029437924787643 -0.9967711937356527 1.9330305503055536 -0.08038090934533237 1.1796398636485927
1.5000000000000002 0.04544429926024064 -0.99896687415787 0.7876878604216678 0.04545995562374358 1.2584086496907596
1.6000000000000003 0.16606975855400805 -0.9861140072495743 -0.44580857574296073 0.16684273483538994 1.2138277921164635
1.7000000000000004 0.2685949377390142 -0.9632532166678578 -1.629144331414819 0.2719340707328881 1.0509133589749817
1.8000000000000005 0.34353297344781314 -0.9391406157514987 -2.6349163392197297 0.35067624323818897 0.7874217250530087
1.9000000000000006 0.3854706452004316 -0.9227200993198116 -3.370058469523047 0.39571783104825936 0.45041587810070394
2.0000000000000004 0.3921289430003459 -0.9199102630482124 -3.7814670294162345 0.4029447485641674 0.07226917515908049
2.1000000000000005 0.3632034212814324 -0.9317098661973384 -3.8467849308333935 0.3717038167717415 -0.31240931792425886
2.2000000000000006 0.3001335250210416 -0.9538971994709093 -3.5630255627708523 0.3048326293516071 -0.668711874201344
2.3000000000000007 0.20701056533270187 -0.9783387071156058 -2.9443098804564185 0.20851834312690848 -0.963142862246986
2.400000000000001 0.09176703199103094 -0.9957805038458812 -2.0307736459138055 0.09189632044307182 -1.1662202268383666
2.500000000000001 -0.03372165371041389 -0.9994312633048033 -0.9002345838320135 -0.033728048079084985 -1.256243685221568
2.600000000000001 -0.15541181746505126 -0.9878497694448329 0.3308094228991603 -0.1560443223722502 -1.2231627429316518
2.700000000000001 -0.2600893123387357 -0.9655845636748568 1.524589929332153 -0.26311469737209386 -1.0707037499984366
2.800000000000001 -0.3378863964898185 -0.9411869012407287 2.5514761540429975 -0.34467031083150756 -0.8155561345941369
2.9000000000000012 -0.38303465177669405 -0.9237339744419422 3.31466554956512 -0.39307926879527005 -0.4840895796376249
3.0000000000000013 -0.3930190289298082 -0.9195303382156951 3.7575699339293687 -0.4039125274197389 -0.108332586244688
3.1000000000000014 -0.36738014955426884 -0.9300708713391056 3.855516673801419 -0.37619061930619346 0.2772190811354539
3.2000000000000015 -0.30737068462903344 -0.9515898603025776 3.6039992671273775 -0.31242871852137427 0.6376190078481917
3.3000000000000016 -0.21677895849231 -0.9762207143648353 3.015306416210818 -0.2185137535744469 0.9391496494692735
3.4000000000000017 -0.10314897888221908 -0.9946659178616484 2.126601582809561 -0.10333277279942393 1.1518098077502297
3.5000000000000018 0.02196535612430194 -0.9997587324601535 1.0118914828345693 0.02196712280394475 1.2529989560336867
3.600000000000002 0.1446034681565797 -0.9894896851393091 -0.21548014357940204 0.14511221697151938 1.2314509416757464
3.700000000000002 0.2513470288035171 -0.9678970353873618 -1.418560022616047 0.25407171091293357 1.0895949394141418
3.800000000000002 0.3319537907320953 -0.9432956486799843 -2.465714352562503 0.3383740613287227 0.8430235041578915
3.900000000000002 0.3802917665953274 -0.9248665699763426 -3.256466687081855 0.3901117448736933 0.5173768354497059
4.000000000000002 0.3935985112102244 -0.9192824440687938 -3.7306622303001618 0.4045428061156623 0.14431061241968973
4.100000000000001 0.3712564855850652 -0.9285303559448266 -3.8612013949723014 0.38036185340790823 -0.24180952707754044
4.200000000000001 0.31433934210876685 -0.9493106857097036 -3.6420261235894897 0.31976063946425926 -0.6060121394364895
4.300000000000001 0.2263441080919687 -0.9740474037397006 -3.083668946087003 0.22832273605974027 -0.9143790340451898
4.4 0.11442926872012547 -0.9934313979637333 -2.220435700382213 0.11468047565139915 -1.1364226040834111
4.5 -0.010187119811338997 -0.999948109948686 -1.122551126144431 -0.010187296018386277 -1.2486777166978542
4.6 -0.1336545541459824 -0.9910279815202185 0.09993564534923557 -0.13405571123467935 -1.2386841521629306
4.699999999999999 -0.24237453104705625 -0.9701827594323245 1.3111511761720873 -0.24481261468925153 -1.1075690345457219
4.799999999999999 -0.3257383602711541 -0.9454599519005867 2.377694149571622 -0.3317925766481075 -0.8697996195885597
4.899999999999999 -0.3772430693503101 -0.9261142837831393 3.195493314260022 -0.3868176054643633 -0.5502502881625575
4.999999999999998 -0.39386718508127033 -0.9191673626256299 3.7007545103265422 -0.4048350891773536 -0.18017483712990323
5.099999999999998 -0.3748307445492149 -0.9270932601096188 3.8638370856472624 -0.3842142020338713 0.20620887143482303
5.1999999999999975 -0.3210352712024827 -0.9470672387132544 3.677089604027798 -0.326822418850111 0.5739178318376028
5.299999999999997 -0.23569832521163264 -0.9718262702213969 3.1493560104963554 -0.23793707556138716 0.8888534328872384
5.399999999999997 -0.12559715190176776 -0.9920813250102858 2.3122005703261164 -0.12592972656940216 1.1200734899198501
5.4999999999999964 -0.0016012962915256514 -0.9999987179242715 1.2321080601563419 -0.0016012969758537055 1.2432842959354844
5.599999999999996 0.12257518370194362 -0.9924592305684071 0.01570871661986664 0.12288421978389341 1.244855167597471
5.699999999999996 0.23317859705848015 -0.9724339267394155 -1.202462552116067 0.23534511102247985 1.1246089123858645
5.799999999999995 0.3192435695686568 -0.9476726983980609 -2.2874820371436906 0.3249311818896294 0.8958607086714954
5.899999999999995 0.37388978991338945 -0.9274731397719944 -3.131779417468523 0.3831994585820937 0.582682766924643
5.999999999999995 0.3938249560090538 -0.9191854568173209 -3.667858839050351 0.4047891468840545 0.21589688301960797
6.099999999999994 0.3781014165035283 -0.9257641810083308 -3.863422818448818 0.3877446070015271 -0.17044539882527387
6.199999999999994 0.32745453324428647 -0.9448669370116443 -3.7091748958996127 0.3336083181600036 -0.5413628884152352
6.299999999999994 0.24483425361305794 -0.9695649479316674 -3.2123289711264507 0.24734873960721554 -0.8625957855278803
6.399999999999993 0.1366420990838108 -0.9906204806877204 -2.4018240279440985 0.1370709207749865 -1.1027781883222902
6.499999999999993 0.01338811203939385 -0.999910375211709 -1.340458992012184 0.013388512022635635 -1.2368240875235086
6.5999999999999925 -0.11137571468840848 -0.9937783707535832 -0.13133737910645368 -0.11160727052077976 -1.249957825434154
6.699999999999992 -0.22376633959660155 -0.9746428193258997 1.0925957610932873 -0.22567709545326228 -1.1406982493248252
6.799999999999992 -0.31247315381570423 -0.9499265909239867 2.195147791442661 -0.3177954424713182 -0.9211834701805591
6.8999999999999915 -0.37023331688671696 -0.9289387983430663 3.0653616389320586 -0.3792601731000535 -0.6146473062873532
6.999999999999991 -0.3934718388351392 -0.9193366695850298 3.6319888386586934 -0.40440501534220186 -0.25144842242148385
7.099999999999991 -0.38106715684559034 -0.9245473605898284 3.8599587389727157 -0.3909502701946231 0.13454745147578773
7.19999999999999 -0.33359346758852765 -0.9427170298569247 3.7382688086552416 -0.3401128369604919 0.5083743323413119
7.29999999999999 -0.25374487146665864 -0.9672711823497943 3.2725519170434563 -0.25654988455592614 0.8356295240456575
7.39999999999999 -0.14755381862600264 -0.9890540281546225 2.4892371890879215 -0.14809456026048118 1.0845532429544495
7.499999999999989 -0.02516155062297425 -0.9996833980667317 1.447502960721086 -0.02516420635782536 1.229303539026558
7.599999999999989 0.10006673805923827 -0.994980727418468 0.2468348116113774 0.10023449566094424 1.253987020187696
7.699999999999989 0.21414520550231328 -0.9768018381229491 -0.9816547003611275 0.21581665067610256 1.1558215501515832
7.799999999999988 0.30543112887741136 -0.9522141699810344 -2.100764465977693 0.31039116103148395 0.9457451035538138
7.899999999999988 0.3662752067541981 -0.9305065679065191 -2.9962793742874054 0.3750028776439913 0.6461171661250733
7.999999999999988 0.39280795791041756 -0.919620524021864 -3.5931597782586837 0.4036829964739118 0.2868011882992049
8.099999999999987 0.3837267773178854 -0.9234466743506254 -3.8534460671011965 0.39382865463282035 -0.09854341841091474
8.199999999999987 0.33944868154062685 -0.9406245758007443 -3.764359685488456 0.3463307159368443 -0.4749793869597604
8.299999999999986 0.262423491658276 -0.964952802486152 -3.3299915659135495 0.2655328615817327 -0.8079785435511153
8.399999999999986 0.1583222727366353 -0.9873874912897704 -2.5743744531676875 0.15899126269494432 -1.065415988867884
8.499999999999986 0.036909863092628545 -0.9993185988494777 -1.5531414955463922 0.03691824885269199 -1.2207301384225233
8.599999999999985 -0.08865906007556545 -0.9960620317362354 -0.36208575693868605 -0.08877562255894722 -1.256938714116392
8.699999999999985 -0.20432297357794443 -0.9789035307262236 0.8697453793412971 -0.20577204017717343 -1.1699641761822621
8.799999999999985 -0.29812180071098593 -0.9545278371744007 2.004408370799635 -0.30272437408740327 -0.9695233391022986
8.899999999999984 -0.36201719355671674 -0.9321714174814194 2.924574864974772 -0.3704309593478854 -0.6770658526048214
8.999999999999984 -0.39183354821281 -0.9200361245597694 3.5513886687913914 -0.4026236579204536 -0.3219269857256823
9.099999999999984 -0.3860792376299634 -0.9224656211865384 3.8438871079676664 -0.39637748541334517 0.062461725071084384
9.199999999999983 -0.3450170398972627 -0.9385964213550628 3.787437321149941 -0.3522569396947373 0.4412054571860785
9.299999999999983 -0.27086376072960705 -0.9626176931281776 3.384617161392147 -0.274290222362208 0.7796671733252932
9.399999999999983 -0.168937692251105 -0.9856267326614426 2.6571734927574453 -0.16975177010210424 1.0453845226010379
9.499999999999982 -0.04862135271959031 -0.9988172826196577 1.6572787609833401 -0.04864053023216704 1.211112398699372
9.599999999999982 0.077163683328885 -0.9970184381319733 0.47697547017918096 0.07724046433956198 1.25880994571729
9.699999999999982 0.19430775099229233 -0.9809406189491376 -0.7569757334563619 0.19555170157672738 1.183112372371654
9.799999999999981 0.2905497741515393 -0.9568598793660906 -1.906159037234388 0.2948013484415489 0.9924964686482151
9.89999999999998 0.3574611990108679 -0.9339279903727656 -2.8502932844266007 0.3655480624621044 0.707467140205555
9.99999999999998 0.39054895744035883 -0.9205821592026693 -3.5066943622966145 0.40122783285969377 0.35679770397589355
10.09999999999998 0.38812363776596165 -0.9216073143195623 -3.8312852724899202 0.3985947505323839 -0.02633082327309849
10.19999999999998 0.3502956542028248 -0.9366391806061793 -3.807492886484084 0.35788673934023324 -0.4070801119215069
10.29999999999998 0.27905965651505227 -0.9602737672693663 -3.436400367729712 0.28281472447078543 -0.7507201486944781
10.399999999999979 0.17939058998625382 -0.9837779303401677 -2.737575230412663 0.18036695729721097 -1.0244776717357444
10.499999999999979 0.06028439905252957 -0.9981812416745144 -1.75982168776515 0.06032097324598501 -1.2004598405122595
10.599999999999978 -0.0655917866633519 -0.9978465400663117 -0.5913899547053152 -0.0656389103522941 -1.259598835982791
10.699999999999978 -0.1841079681805478 -0.9829060260535747 0.6434554271674822 -0.1851642396788984 -1.1952532932660427
10.799999999999978 -0.28271996096170515 -0.9592024935715148 1.8060991678511742 -0.28662857732699093 -1.0146433764809253
10.899999999999977 -0.35260934298569935 -0.9357706189228178 2.7734828170343278 -0.3603580868047402 -0.7372950947774926
10.999999999999977 -0.38895464906384936 -0.9212569028081243 3.4590976546897108 -0.39949661973559236 -0.39138532930852143
11.099999999999977 -0.3898592110385277 -0.9208744732961256 3.8156451073163624 -0.40047870159328086 -0.00982081857688516
11.199999999999976 -0.35528187182825494 -0.9347592158145388 3.824518860287957 -0.3632155948480898 0.3726310674519106
11.299999999999976 -0.2870054845459962 -0.9579289388261104 3.4853151626351813 -0.2910993364765469 0.7211625837154287
11.399999999999975 -0.18967177262510113 -0.9818475536809429 2.815523803396223 -0.1908278400710418 1.002714964055051
11.499999999999975 -0.07188748153043291 -0.9974127480633139 1.8606800894522422 -0.07194954277101429 1.1887829730002752
11.599999999999975 0.053954704100461694 -0.9985433840877579 0.7052161938135468 0.053980916467148726 1.25930459238163
11.699999999999974 0.17373237221935925 -0.9847929035299929 -0.5292956472255292 0.17461841923305643 1.206375027659077
11.799999999999974 0.27463758704385305 -0.961547812530781 -1.7043145714719143 0.278212776284245 1.0359435705118856
11.899999999999974 0.3474639542472669 -0.9376933403297973 -2.6941947289001984 0.3548651860464316 0.7665240976218657
11.999999999999973 0.38705120631576195 -0.9220582214207048 -3.4086213911656884 0.39743138189696126 0.4256619585052968
12.099999999999973 0.3912853179436737 -0.9202694170522664 -3.796972333957625 0.40202785440791466 0.04596472510953431
12.199999999999973 0.3599732649768945 -0.9329626190270832 -3.838508969027439 0.3682392372285937 -0.3378861717932096
12.299999999999972 0.2946958733009875 -0.9555910957409389 -3.5313377294233357 0.2991372427550394 -0.6910199447355432
12.399999999999972 0.19977235109868033 -0.9798423382037059 -2.8909665170826875 0.2011255831106582 -0.9801165964438119
12.499999999999972 0.08341920251681854 -0.9965145441243987 -1.959766764278054 0.08351625582349646 -1.1760932728716174
12.599999999999971 -0.04226390287817652 -0.9991064820696061 -0.81834237668999 -0.04227649523056519 -1.2579275105406165
12.69999999999997 -0.16319001866875482 -0.9865946572969526 0.4146088872349116 -0.16392315741227775 -1.2164666218171254
12.79999999999997 -0.2663081987172635 -0.9638879308799164 1.600894083140485 -0.26956087876258544 -1.056377213503077
12.89999999999997 -0.3420275813765905 -0.9396899135234345 2.6124834294163555 -0.34907376581872956 -0.7951288705614413
12.99999999999997 -0.3848393370850822 -0.9229835776610082 3.355290573304353 -0.39503374714183015 -0.459599813231006
13.09999999999997 -0.39240144086434003 -0.9197940580410323 3.7752738968046566 -0.4032409894968842 -0.08207242355054034
13.199999999999969 -0.36436761971976434 -0.9312551947236338 3.849458134879176 -0.37295365050314644 0.3028733899373773
13.299999999999969 -0.30212576838689703 -0.9532680735641088 3.5744463494508882 -0.30692184801489986 0.660318024882466
13.399999999999968 -0.20968374944386783 -0.9777692597024931 2.96385378787546 -0.21125150764789863 0.956703403670012
13.499999999999968 -0.09486830962557527 -0.9954898311026517 2.0569975820443434 -0.09501119146045399 1.1624031618744464
13.599999999999968 0.030530960724501465 -0.9995338215574493 0.9306581174268934 0.030535705901259605 1.2554689736171358
13.699999999999967 0.15249026188445008 -0.9883049731891527 -0.2995087247073594 0.1530875160158996 1.2255181011463998
13.799999999999967 0.2577376679671049 -0.9662149318401566 -1.4959294690864553 0.26068003143967505 1.0759251542377544
13.899999999999967 0.3363030037629163 -0.9417538370827272 -2.528406522757299 0.3429884816358775 0.8230845019620244
13.999999999999966 0.3823198796803456 -0.9240300371747696 -3.299132466914209 0.39230560716293783 0.4931712552706035
14.099999999999966 0.3932071796635135 -0.9194498974175077 -3.7505580196641906 0.4041171524933563 0.11811545330418444
14.199999999999966 0.3684629251598669 -0.9296424435139751 -3.8573624324990674 0.37735507349878405 -0.2676207899457223
14.299999999999965 0.3092904257418828 -0.950967629598613 -3.6146212958182944 0.3144467815460289 -0.6290829195275518
14.399999999999965 0.21939771212819908 -0.9756355077142856 -3.0341390765278704 0.221197098827995 -0.9324968271803389
14.499999999999964 0.10622371721512844 -0.9943422559164427 -2.152291555977633 0.10642450055018475 -1.1477259827781023
14.599999999999964 -0.01876754249243154 -0.9998238741642423 -1.04205466588041 -0.018768644386429598 -1.2519314493661433
14.699999999999964 -0.1416427438161098 -0.9899178416031524 0.18410959185075343 -0.1421206934045364 -1.233520490181068
14.799999999999963 -0.2489321965773965 -0.9685209143364703 1.3895153168360372 -0.25157758925428286 -1.0945689584974643
14.899999999999963 -0.3302932425710746 -0.9438783681766869 2.4420248484242597 -0.3366142366197867 -0.8503664736550383
14.999999999999963 -0.37949380941628297 -0.925194276146755 3.2401767096222422 -0.3892491168890681 -0.526348802692814
15.099999999999962 -0.3937022482006543 -0.9192380212772698 3.722834270373736 -0.40465565445461216 -0.15406537565544043
15.199999999999962 -0.372257362821676 -0.9281295468979808 3.8622190548484188 -0.381440001471672 0.2321565298294015
15.299999999999962 -0.316185403955863 -0.9486974176866235 3.6518447292806417 -0.32170590119592546 0.5973410027574657
15.399999999999961 -0.22890630984459626 -0.9734484584780695 3.101778812807016 -0.2309540127921087 0.9075188840381674
15.499999999999961 -0.11747452693512209 -0.9930758961536471 2.2455708995754895 -0.11774641539253705 1.1320759739957165
15.59999999999996 0.00698537628898892 -0.9999756019614184 1.1524251092335478 0.006985433099370081 1.2473184849190713
15.69999999999996 0.1306573813192883 -0.9914275811711041 -0.06852654139498131 0.1310320161773274 1.240465830779573
15.79999999999996 0.239898319066366 -0.9707980204497391 -1.2817489107422184 0.24226111014786256 1.1122909397053513
15.89999999999996 0.3240015715792361 -0.9460565425037687 -2.3534025100410507 0.3299561790179872 0.8769506887012463
15.99999999999996 0.3763622459725956 -0.9264725898840523 -3.178455417192306 0.38586669371618876 0.5591051469820156
16.09999999999996 0.39388647179796493 -0.9191590979447198 -3.692113632991163 0.4048560720844787 0.18989378368289933
16.19999999999996 0.37574929635799603 -0.9267213530972893 -3.864026288338036 0.38520518756938826 -0.19650884515090428
16.29999999999996 0.3228065558081813 -0.9464649637082503 -3.6861005972719414 0.3286932970815784 -0.5651189048780985
16.399999999999963 0.23820194379056966 -0.9712156475131536 -3.1667323124782585 0.24051408346898595 -0.8817921361259243
16.499999999999964 0.12861004721827146 -0.9916952433860485 -2.3367610685854885 0.12896725917053864 -1.1154682429844731
16.599999999999966 0.004803770764313705 -0.9999884618266572 -1.261664563211243 0.004803789239978901 -1.2416346993055973
16.699999999999967 -0.11954435202092754 -0.9928288613350724 -0.04712499119791745 -0.11983093060256002 -1.246347198425389
16.79999999999997 -0.23064290434968265 -0.9730384631005823 1.1727300933252993 -0.23273834951184597 -1.1290741890928593
16.89999999999997 -0.3174315277815421 -0.948281195200177 2.2626068916703868 -0.32301969950442805 -0.9028134999258206
16.99999999999997 -0.3729264614667595 -0.9278609024729307 3.1140032875369283 -0.3821610166216408 -0.5914131711721278
17.099999999999973 -0.3937597856757209 -0.9192133763085752 3.658408586988911 -0.4047182478689645 -0.22557231247323667
17.199999999999974 -0.3789372616618932 -0.9254223639637125 3.862783497478822 -0.38864764414149994 0.16070603727464555
17.299999999999976 -0.32915001912526193 -0.9442776418563767 3.717374536903172 -0.33540329504500366 0.5324434909649628
17.399999999999977 -0.24727734845769897 -0.9689447419433833 3.2289616876188196 -0.24986932907231918 0.8553396597268448
17.49999999999998 -0.1396198116193869 -0.9902051849002644 2.425790788370027 -0.1400774552159344 1.0979187385638476
17.59999999999998 -0.016588116998874757 -0.9998624077213982 1.3696703519861857 -0.01658887783968778 1.234885773762466
17.69999999999998 0.10831407879031521 -0.9941167236978792 0.16272942775896138 0.10852699381414845 1.2511587165383622
17.799999999999983 0.22117315606493948 -0.9752345538568011 -1.0625611129329922 0.22301725433865477 1.144902605245063
17.899999999999984 0.31058692164897006 -0.9505449826813124 -2.1697086609970566 0.3158104282531905 0.9279317391453574
17.999999999999986 0.3691878891763737 -0.9293547775125997 -3.0468577013763967 0.37813502515396225 0.6232459690077177
18.099999999999987 0.3933222343684998 -0.919400685202796 -3.621733192820226 0.40424229012653173 0.26107264972569505
18.19999999999999 0.38181995746645975 -0.9242367229667466 -3.858491119154983 0.3917646439075514 -0.12477646218980326
18.29999999999999 0.3352122070632849 -0.9421426517442895 -3.74565378274597 0.3418304598611114 -0.4993418404644003
18.39999999999999 0.2561255929679553 -0.9666435126905955 -3.288431751290825 0.2590119583017631 -0.8281850155934829
18.499999999999993 0.15049359591368663 -0.9886109839512042 -2.5125920670156416 0.15106753607225837 -1.079444222295047
18.599999999999994 0.028355890751472445 -0.9995978908839747 -1.476342175913266 0.02835969208362099 -1.2270784398863737
18.699999999999996 -0.0969772128791723 -0.9952866020308863 -0.2781712882719447 -0.09712986478773583 -1.254895568713568
18.799999999999997 -0.21149661149943 -0.9773787307509096 0.9513464583446802 -0.21310595707564584 -1.1597609228791002
18.9 -0.3034718469414243 -0.9528404053743527 2.0747817588094084 -0.30833423177546176 -0.9522827469981593
19.0 -0.36514813284045866 -0.9309494299279241 2.977058818495373 -0.373791918290324 -0.654576865148622
19.1 -0.3925739721267155 -0.9197204338322884 3.5821031831648997 -0.4034285729735372 -0.29636654683213204
19.200000000000003 -0.38439623650982224 -0.9231682042602447 3.8511506665630795 -0.39455372099111957 0.08874851982417592
19.300000000000004 -0.34098979792230705 -0.9400669963959506 3.7709270801613566 -0.3479695982070884 0.4658412278403116
19.400000000000006 -0.2647400810036035 -0.9643198066565912 3.3451099176178323 -0.2679343762468789 0.8003522196020949
19.500000000000007 -0.16122143387728563 -0.9869182586509138 2.5971001946453507 -0.1619281523402159 1.0600622390666299
19.60000000000001 -0.040095354858218954 -0.9991958579371681 1.581582266336172 -0.04010610577019119 1.2182204657002471
19.70000000000001 0.0855446158059294 -0.9963343408247133 0.39333543115912795 0.0856492951114248 1.2575540088161599
19.80000000000001 0.20162113907266743 -0.9794635859893108 -0.8391926810561674 0.20301276918247912 1.1736347407105432
19.900000000000013 0.2960906899644645 -0.9551598312933639 -1.9779033743028676 0.3005972095105048 0.9758444032802565
20.000000000000014 0.36080897646333077 -0.9326397388614125 -2.904649668551397 0.3691351531530165 0.6853794364251167
20.100000000000016 0.39151526430042743 -0.9201716132438374 -3.539536059105275 0.4022777362044754 0.3314258305145892
20.200000000000017 0.3866650973370783 -0.9222202028264767 -3.840764742787193 0.3970126718280624 -0.052650643764130145
20.30000000000002 0.34647972459881804 -0.9380574611621226 -3.7931846048767386 0.35381576140288196 -0.431969104251804
20.40000000000002 0.27311454938695207 -0.9619815190081159 -3.398966098314405 0.2766291899945575 -0.7718657140832446
20.50000000000002 0.17179363168404957 -0.9851329596114451 -2.6792537294859997 0.17265008129137305 -1.0397910870318445
20.600000000000023 0.051794830946957866 -0.9986577469219252 -1.6852955268205263 0.05181801731998331 -1.2083206397138972
20.700000000000024 -0.07402734007012635 -0.9972562122755325 -0.5081072915896567 -0.074095119567303 -1.259131368872863
20.800000000000026 -0.1915549343351545 -0.981481893430467 0.7262082060879395 -0.1927461743937099 -1.186510548264069
20.900000000000027 -0.2884481381653174 -0.9574955204015119 1.8791539058278657 -0.29260569016183813 -0.9985951576812824
21.00000000000003 -0.3561723945392495 -0.9344202616425744 2.829676235401764 -0.36416844357594874 -0.715627534141106
21.10000000000003 -0.39014648969496046 -0.9207527988438048 3.4940511904300378 -0.400790685085759 -0.3662224150981022
21.20000000000003 -0.3886256768048044 -0.921395725694453 3.8273370639075623 -0.3991395559564936 0.01651129129265405
21.300000000000033 -0.35167916378349756 -0.9361205935992114 3.8124178894551317 -0.35936424793267685 0.39775308023816724
21.400000000000034 -0.2812430653750274 -0.9596365656739316 3.4499725967161115 -0.285089213941699 0.7427503399097783
21.500000000000036 -0.18220078086471028 -0.9832613464650636 2.758994471329019 -0.18322423523743098 1.0186497870426803
21.600000000000037 -0.0634427233869114 -0.9979854812817929 1.7873896602828079 -0.06348535993033487 1.197388753070961
21.70000000000004 0.062436608793116403 -0.9980489316072712 0.6223731164256009 0.06247724654101726 1.2596260647135211
21.80000000000004 0.18130651445556853 -0.9834266357059751 -0.6125031322604719 0.18231482168976465 1.198375751487474
21.90000000000004 0.2805491879648971 -0.9598396496979258 -1.7786169068091273 0.28436622777042075 1.0205140608065613
22.000000000000043 0.35124056261101794 -0.9362852488300216 -2.7521875339356408 0.35889575851172045 0.7452953074129971
22.100000000000044 0.3884681438804778 -0.9214621539651298 -3.4456699192140863 0.3989685900608793 0.40072831549158844
22.200000000000045 0.39027724334743236 -0.9206973842284603 -3.8108724914674874 0.4009326966953633 0.019641066344839697
22.300000000000047 0.3565855250099588 -0.934262684341707 -3.828619757238312 0.3646106057574642 -0.3632209093789915
22.40000000000005 0.28912002274229526 -0.95729285615714 -3.498104000347696 0.29330747481608804 -0.7130313094137611
22.50000000000005 0.19243376978612686 -0.9813099633886838 -2.8362674231019165 0.19364166964369278 -0.9966580517239527
22.60000000000005 0.07502754275752273 -0.9971814618351909 -1.8877752816019047 0.07509811165527847 -1.1854355798841432
22.700000000000053 -0.05078379439075471 -0.9987096706387085 -0.736020194451298 -0.05080564827764886 -1.259037599329273
22.800000000000054 -0.17088471117968607 -0.9852910308558762 0.49818902297330375 -0.17172751798084313 -1.2092186970319427
22.900000000000055 -0.2723991517255079 -0.9621843389596526 1.6763790166727204 -0.27588559751731023 -1.0415807953646707
23.000000000000057 -0.34601586807114587 -0.9382286603184595 2.6722356784272323 -0.35332132026950497 -0.7743572275219475
23.10000000000006 -0.386480843430321 -0.9222974344870465 3.394415665777941 -0.3968128863639203 -0.43491566094415335
23.20000000000006 -0.3916191910582113 -0.9201273874822509 3.791377074051449 -0.40239068171782116 -0.055777953539008385
23.30000000000006 -0.3611964396585662 -0.9324897489935081 3.841784264281053 -0.36955063442891145 0.32840047288909696
23.400000000000063 -0.2967401367317728 -0.9549582667595526 3.5433370730505342 -0.3012772164094964 0.6827341801941504
23.500000000000064 -0.20248379362071273 -0.9792856137618711 2.9110207413386915 -0.2038935909766944 0.9738362543280197
23.600000000000065 -0.08653792870282781 -0.9962485567848137 1.986366015419192 -0.08664630538970051 1.1724728558699389
23.700000000000067 0.039080396392385974 -0.9992360695140133 0.8489370805747408 0.0390903510030408 1.257366563927413
23.800000000000068 0.16029866225594333 -0.9870685583478763 -0.3833786886093064 0.16099322050968906 1.2190286950664824
23.90000000000007 0.26400366375772333 -0.9645216770620031 -1.5725298767308042 0.26717079124902926 1.061775707393402
24.00000000000007 0.34050092111010744 -0.9402441824989763 -2.589875941463266 0.3474496025737368 0.8027881132470753
24.100000000000072 0.38418533105568897 -0.9232559945116147 -3.340314036090154 0.39432527353754276 0.4687567096380599
24.200000000000074 0.39265103463066786 -0.919687536614184 -3.768858097656309 0.40351236352478564 0.09187089987242897
24.300000000000075 0.36550975001704367 -0.930807511058263 -3.851906649726852 0.37418038701476003 -0.29331976510025626
24.400000000000077 0.3040984379612606 -0.9526406143082088 -3.5856506476671988 0.3089919040280624 -0.6518848298669762
24.500000000000078 0.21234236278821716 -0.9771953340891049 -2.983205676399967 0.21397136427736513 -0.9502053975069729
24.60000000000008 0.09796267204327767 -0.9951900898251255 -2.0830785789524104 0.09812003873714373 -1.158513255402214
24.70000000000008 -0.027338018528120293 -0.9996262465256482 -0.961013812744554 -0.027341424930523217 -1.2546146366766693
24.800000000000082 -0.14955780133441224 -0.9887529843494868 0.26818596176086007 -0.15012102898058155 -1.2277960405005832
24.900000000000084 -0.2553686852746454 -0.9668437487935158 1.4671620310905842 -0.25822901271973403 -1.081079837391525
25.000000000000085 -0.3346985657126951 -0.9423252464567978 2.5051668025442715 -0.34128532843344384 -0.8305631571370977
25.100000000000087 -0.38158248159711583 -0.9243347931016049 3.283392929641539 -0.3915077148507382 -0.5022238641729437
25.200000000000088 -0.39337240519949834 -0.9193792203588037 3.7433241444677066 -0.4042968598233555 -0.12789144972617306
25.30000000000009 -0.36952349849659305 -0.9292213859241717 3.858983295007079 -0.378496171845902 0.25800687977453485
25.40000000000009 -0.3111902653769336 -0.9503476304672063 3.625025520251578 -0.3164452286659327 0.6205094317996926
25.500000000000092 -0.22200130986411779 -0.9750463673172758 3.0527765033477188 -0.22386652045248628 0.9257870821344645
25.600000000000094 -0.10929073602364417 -0.9940098264199455 2.1778328497669954 -0.10950948374136987 1.143570367111164
25.700000000000095 0.0155683452130081 -0.9998788059696678 1.0721421203919494 0.01556897417366604 1.2507845791503591
25.800000000000097 0.13867184635805882 -0.9903383861224642 -0.15272546653960947 0.13912017742330585 1.2355120324963982
25.900000000000098 0.24650050820733588 -0.9691426620748491 -1.3603708127725571 0.2490676725452201 1.0994749512191424
26.0000000000001 0.3286118906005195 -0.9444650471859466 -2.418169985513965 0.3348334678119947 0.8576579526677459
26.1000000000001 0.3786733088262345 -0.9255304020844433 -3.2236826467910964 0.38836243661085834 0.5352896879886362
26.200000000000102 0.39378304711269413 -0.9192034115508068 -3.714785159585361 0.40474355381386834 0.1638111720301001
26.300000000000104 0.3732359170986545 -0.9277364659145001 -3.8630116921755295 0.38249455409512306 -0.22248999718745288
26.400000000000105 0.3180112583511603 -0.9480869367109283 -3.661444346737801 0.32363111090899976 -0.588634431861233
26.500000000000107 0.23145279496074406 -0.9728461356786384 -3.1196904444248825 0.23357076327862764 -0.9006034763037213
26.600000000000108 0.12051127658340613 -0.9927119583324449 -2.2705519185648995 0.1208048964626065 -1.1276586681602112
26.70000000000011 -0.0037831175622057766 -0.999992843985151 -1.1822156232832142 -0.0037831265862467572 -1.2458802304885326
26.80000000000011 -0.12765078647731273 -0.9918191754103787 0.03711238328523867 -0.12800002580224762 -1.2421689921600088
26.900000000000112 -0.23740575780166348 -0.9714105754842377 1.252254215342438 -0.2396943828648241 -1.1169435706257649
27.000000000000114 -0.3222442400163944 -0.9466565637950526 2.3289504840343187 -0.3280992350870574 -0.884048522222333
27.100000000000115 -0.3754589730045341 -0.9268390149267458 3.161215994560829 -0.3848919273636824 -0.56792692276625
27.200000000000117 -0.3938828156594587 -0.9191606646980586 3.68325252517448 -0.40485209438856257 -0.199601670248802
27.300000000000118 -0.3766454172233245 -0.9263575064113573 3.86399042161929 -0.38617235719724985 0.186797371913127
27.40000000000012 -0.3245573480251686 -0.9458660200276092 3.694891542960814 -0.330543704576329 0.5562865262092085
27.50000000000012 -0.2406893095987908 -0.9706022131876979 3.1839075841269042 -0.2430759761141391 0.8746772846218989
27.600000000000122 -0.13161366154472603 -0.9913010864993492 2.361162127164138 -0.13199662638030782 1.1107934973383127
27.700000000000124 -0.008005890924490392 -0.9999679523417264 1.2911300197537625 -0.008005976448938912 1.239906499313689
27.800000000000125 0.1165048675311127 -0.9931901206926889 0.07853778996925075 0.1167700513821225 1.247760278310614
27.900000000000126 0.22809139392411426 -0.973639725985826 -1.1429127504802157 0.23011695170838176 1.1334690032625925
28.000000000000128 0.3155992242447073 -0.9488925806729331 -2.237576574395561 0.3210880862906854 0.9097113458230364
28.10000000000013 0.37194078913925016 -0.9282564566834275 -3.096028389840579 0.38109893697458325 0.6001085068389784
28.20000000000013 0.39367167577113393 -0.9192511146011992 -3.648739141456044 0.40462239624392066 0.235234592693374
28.300000000000132 0.37975057990583455 -0.9250889130571085 -3.861919139314824 0.38952666412010983 -0.15095732123810846
28.400000000000134 0.33082474800004735 -0.9436922094150747 -3.725353188876237 0.3371774001075366 -0.5234926401257322
28.500000000000135 0.2497036790980027 -0.9683222979178584 -3.2453907778804645 0.25237422831615874 -0.8480317179137786
28.600000000000136 0.14258748862269505 -0.9897822023497255 -2.4495930919514066 0.1430751256052668 -1.0929910271089194
28.700000000000138 0.019786898867337095 -0.9998042201517324 -1.3987832633886386 0.019788190260488475 -1.2328693534477833
28.80000000000014 -0.10524457614955685 -0.9944463681823672 -0.1941094778885769 -0.10543983986317562 -1.252280301236641
28.90000000000014 -0.21856471101221836 -0.9758224567513014 1.0324492920271526 -0.2203433770665682 -1.1490353720339257
29.000000000000142 -0.30868072976096017 -0.9511657095765391 2.144119815029862 -0.3138057161196621 -0.9346233905309395
29.100000000000144 -0.3681202358702128 -0.9297781950244148 3.0281579589550196 -0.37698647558320586 -0.6318075946354375
29.200000000000145 -0.3931497017049569 -0.9194744760183957 3.611259513886788 -0.4040546399078817 -0.27068164324675864
29.300000000000146 -0.3825501465624359 -0.923934730035114 3.8567985737256274 -0.39255481849530127 0.11499821412580413
29.400000000000148 -0.33680994448157403 -0.9415726532234882 3.7528169377774967 -0.3435268277049459 0.4902799079035538
29.50000000000015 -0.2584890635264143 -0.9660141841801482 3.3041055553642416 -0.2614577813609481 0.820690463439978
29.60000000000015 -0.15342260217282946 -0.9881606676763236 2.5357777131941246 -0.15403095788500906 1.0742682347593904
29.700000000000152 -0.031548141557422915 -0.9995022334963903 1.5050757273154571 -0.03155337713591545 1.224775807490936
29.800000000000153 0.09388062254496467 -0.9955834614488982 0.3094872686783188 0.09401907629996135 1.255724534358768
29.900000000000155 0.20883333661412307 -0.9779512449598969 -0.9209689071661035 0.21038184066417712 1.1636276436421575
30.000000000000156 0.3014929289035074 -0.9534684125974938 -2.0486550321845476 0.30625805470654743 0.9587621404237028
30.100000000000158 0.36399896491545813 -0.9313993523405925 -2.9576456325434073 0.3725578124234836 0.662997577169362
30.20000000000016 0.3923170777130362 -0.9198300443748854 -3.5708298458206444 0.4031492716822134 0.3059145925872976
30.30000000000016 0.38504301032158234 -0.9228986294293072 -3.8486305323648855 0.3952544256172943 -0.07894846064919098
30.400000000000162 0.3425096859855303 -0.939514297393123 -3.777271931254723 0.349586860239828 -0.4566756537746633
30.500000000000163 0.267038957257542 -0.9636857347220642 -3.360020019518052 0.2703190946671811 -0.7926776557264685
30.600000000000165 0.16410910860172892 -0.9864421931740075 -2.619652170696487 0.1648548073875694 -1.0546428727961172
30.700000000000166 0.04327789540996745 -0.9990630729683107 -1.6099103553829608 0.04329141655412806 -1.2156339083344134
30.800000000000168 -0.08242392206941968 -0.9965973595543459 -0.42455615397178076 -0.08251753581903108 -1.2580895237315914
30.90000000000017 -0.19890522847143138 -0.9800187294571098 0.808578675501007 -0.20024070143718017 -1.1772316561814908
31.00000000000017 -0.29404028896115497 -0.9557930259567918 1.9512602913047419 -0.29845126414228185 -0.9821056270510167
31.100000000000172 -0.3595788109977135 -0.933114718928745 2.8845352347089306 -0.3678164745002942 -0.6936521035801235
31.200000000000173 -0.39117409969149414 -0.9203166975180603 3.5274681358875695 -0.40190700349943087 -0.34090528999136654
31.300000000000175 -0.3872282080104842 -0.9219839016604299 3.8374179179735575 -0.3976233533188319 0.04283650180598925
31.400000000000176 -0.34792097271050904 -0.9375238646286148 3.7987087205828503 -0.35535261593240447 0.4227073738642743
31.500000000000178 -0.2753471871942603 -0.961344853059613 3.413104742290094 -0.27895083112307606 0.7640178480932838
31.60000000000018 -0.17463739037823 -0.984632815765289 2.701155906375694 -0.17553748724999074 1.0341334387308532
31.70000000000018 -0.054964502177471945 -0.9984883091455716 1.7131927996104364 -0.054992215380801054 1.2054527186918969
31.800000000000182 0.07088557562757786 -0.9974844535971209 0.5392017663609998 0.07094507415199862 1.2593728953279968
31.900000000000183 0.18878867010965217 -0.9820177381484659 -0.6953874969065388 0.18992848871573292 1.189834145637343
32.000000000000185 0.28632758057174684 -0.9581317845703323 -1.8520168537756878 0.2903917347417103 1.004632460259774
32.100000000000186 0.35486180216854973 -0.9349187672529037 -2.808873565408837 0.36276624511359934 0.7237451037188903
32.20000000000019 0.3897211777972971 -0.9209328985199126 -3.481194279273473 0.40032881269275367 0.375625675791543
32.30000000000019 0.3891049128609781 -0.9211934469954998 -3.8231647541914846 0.3996597327299931 -0.006690799627605493
32.40000000000019 0.3530410456847863 -0.9356078345448977 -3.817119195166195 0.3608194608155706 -0.38840271914422503
32.50000000000019 0.2834079097267052 -0.958999456050075 -3.4633326581677535 0.28734586231947057 -0.7347359849610005
32.60000000000019 0.1849981185941876 -0.9827388748373653 -2.780231594418978 0.18606994787918074 -1.0127591444028983
32.700000000000195 0.06659639278225435 -0.9977799960253722 -1.8148315434089806 0.0666457180048011 -1.1942422987437964
32.800000000000196 -0.05927684904358271 -0.9982415815660377 -0.6533106131939151 -0.05931161800151771 -1.259573360063188
32.9000000000002 -0.17849226491141315 -0.9839413150014558 0.5815058891175464 -0.17945389511666104 -1.2014227711514334
33.0000000000002 -0.2783598853291793 -0.960476847320916 1.751009118780963 -0.28208608104399474 -1.026321859273337
33.1000000000002 -0.34985017044209454 -0.9368056672766436 2.7307104750792495 -0.3574111622205359 -0.753250811765412
33.2000000000002 -0.3879588400129212 -0.9216766995296283 3.4320301720369475 -0.39841594167670763 -0.4100477945617172
33.3000000000002 -0.39067242799224877 -0.92052976812629 3.805876220526757 -0.4013619589276118 -0.029460172509041482
33.400000000000205 -0.3578673757926516 -0.9337724248141412 3.8324965186039606 -0.3659830109924763 0.3537894793513546
33.500000000000206 -0.29121560649936806 -0.9566574468069567 3.510678956525912 -0.29549727349208177 0.7048573750039457
33.60000000000021 -0.19518226403605232 -0.9807669875183201 2.856825099758801 -0.1964432849940992 0.9905398849798259
33.70000000000021 -0.07816211063138387 -0.9969406624577248 1.9147380101936733 -0.07824191639417986 1.1820136859991932
33.80000000000021 0.047609151490201826 -0.9988660414161565 0.7667703052938758 0.04762715525867821 1.2586907165285808
33.90000000000021 0.168024928658867 -0.9857827465264254 -0.46704577611887993 0.1688257691503475 1.2119861389166928
34.00000000000021 0.27014260249946653 -0.9628203229652017 -1.6483245501434853 0.27354113754058196 1.0471536839023443
34.100000000000215 0.3445463626457546 -0.9387693028575126 -2.650098930519767 0.3517555166256187 0.7821437908503677
34.200000000000216 0.3858877366316853 -0.9225457466799547 -3.379999817554853 0.39616989753510695 0.4441438090948824
34.30000000000022 0.39193018072128744 -0.9199949638121825 -3.785558696356833 0.40272869148102686 0.06558793945919905
34.40000000000022 0.3623976527837044 -0.9320235733375318 -3.84483507287583 0.37083913469818847 -0.31889556782838396
34.50000000000022 0.2987650790695454 -0.9543266880521409 -3.5551209738081404 0.3033983681772687 -0.674407665209198
34.60000000000022 0.205181106740575 -0.9787240231223063 -2.9308854256722405 0.20664874739962646 -0.9674962077764221
34.70000000000022 0.08965033428175241 -0.9959733016317104 -2.0128266571250406 0.08977086005073384 -1.1687788734889262
34.800000000000225 -0.035894013096683886 -0.9993556022877017 -0.8794697793039912 -0.03590172509119871 -1.2567258514193254
34.900000000000226 -0.15739588054338913 -0.9875355876058195 0.35212026847846895 -0.15805310754834656 -1.2215138245714785
35.00000000000023 -0.2616814547505446 -0.9651542965969943 1.5440535881306474 -0.26476395412418796 -1.0671084657584138
35.10000000000023 -0.3389530513914679 -0.9408032891908983 2.567095071102843 -0.34580384998900093 -0.8103989586481295
35.20000000000023 -0.38350864562938225 -0.9235372860515795 3.3251294341503006 -0.39359245151231087 -0.4778860152330994
35.30000000000023 -0.39287771774512287 -0.9195907235827162 3.76221981362424 -0.4037588548993784 -0.10166403387067541
35.40000000000023 -0.36662977436608024 -0.930366921460709 3.8541304110796557 -0.3753839541756494 0.2837490072372902
35.500000000000234 -0.30605144254545635 -0.952014975993469 3.5966380865312475 -0.3110426725866079 0.6434128158904149
35.600000000000236 -0.21498624402011735 -0.9766170768945844 3.002364651370927 -0.21667774448385713 0.9436492810275077
35.70000000000024 -0.10104989932891767 -0.9948813586783178 2.1090150538373513 -0.10122266584273285 1.1545507864112428
35.80000000000024 0.024143061859231468 -0.9997085137999282 0.9912995124166823 0.02414540792255826 1.2536807376529109
35.90000000000024 0.1466146326526148 -0.98919368654078 -0.2368434368390607 0.14714504731945877 1.2299963939690048
36.00000000000024 0.25298249280544743 -0.9674708565811901 -1.4382895463221512 0.25576179125313775 1.0861674393367897
36.10000000000024 0.33307314606762173 -0.9429009912862626 -2.4817582544214396 0.33956095264260233 0.8379916138946457
36.200000000000244 0.3808224788807549 -0.9246481707001409 -3.2674475629233695 0.3906856384028332 0.5112468576023088
36.300000000000246 0.39351470123183335 -0.9193183234954152 -3.7358685178202053 0.404451638984862 0.13766000582028826
36.40000000000025 0.3705618354814065 -0.9288077982471137 -3.8603792190842854 0.379613847376048 -0.2483779160881403
36.50000000000025 0.31307011829761133 -0.9497300148090085 -3.635211606072598 0.31842393970650795 -0.6118990766954001
36.60000000000025 0.22458959695507494 -0.9744534431872859 -3.0712178604995675 0.22652185343197226 -0.9190208627453569
36.70000000000025 0.11234981940036123 -0.9936687164647513 -2.203223946129285 0.11258752769614372 -1.1393432573582853
36.80000000000025 -0.012367999984304533 -0.9999235133630913 -1.1021517283175437 -0.012368315322860257 -1.2495584301900398
36.900000000000254 -0.1356909779569825 -0.9907512091847669 0.12133007984602748 -0.13611085754340396 -1.237425422205437
37.000000000000256 -0.2440520989343154 -0.9697621218658496 1.3311284937579986 -0.24654211482636768 -1.1043125728296372
37.10000000000026 -0.3269098037489979 -0.9450555434538183 2.394151090545634 -0.33303186120387507 -0.8648974637750738
37.20000000000026 -0.37783028917244527 -0.9258748687505598 3.2069851747776696 -0.38745175583360575 -0.5441989462973068
37.30000000000026 -0.3938409058501851 -0.9191786229450213 3.706515136781688 -0.4048064990955195 -0.17354743261913796
37.40000000000026 -0.3741921178555538 -0.9273512058194432 3.863579286390316 -0.3835254494935302 0.21281049601989366
37.50000000000026 -0.319816825841409 -0.9474793918121522 3.670824676162983 -0.32553615312991097 0.579892963636192
37.600000000000264 -0.23398341536270173 -0.9722405881957435 3.1374030615042225 -0.23617282615124952 0.8936332697866143
37.700000000000266 -0.12353930614183371 -0.9923396796651811 2.2953773047081043 -0.12385572612550705 1.1231710002574247
37.80000000000027 0.0005805798001330341 -0.9999998314635337 1.2119205932513888 0.0005805798327493256 1.2443630595825637
37.90000000000027 0.12463497683011995 -0.9922026620356122 -0.005695487839305065 0.12495993091261264 1.243793510798633
38.00000000000027 0.23489698920738214 -0.9720202695732775 -1.2226691227034767 0.23711259076544117 1.1215265985282854
38.10000000000027 0.32046643991996726 -0.9472598697744047 -2.304339464124419 0.3262218559770255 0.8910926521158435
38.20000000000027 0.37453327795731506 -0.927213472563114 -3.143775775614879 0.3838933634324611 0.5767150745543557
38.300000000000274 0.3938562167604674 -0.9191720625210122 -3.674171456761261 0.40482315632028404 0.2092979288782295
38.400000000000276 0.37751907991499056 -0.9260018057758521 -3.863729486420185 0.38711565434390516 -0.17707501976378903
38.50000000000028 0.32628757399244307 -0.9452705533645518 -3.7034621739660576 0.3323735306278657 -0.5474212371603948
38.60000000000028 0.24316028126306266 -0.9699861223832371 -3.2008811008658666 0.24562259590316754 -0.8675093472469815
38.70000000000028 0.13460778809441737 -0.9908989572021601 -2.385402359190645 0.13501763758656293 -1.106049583166046
38.80000000000028 0.011207420624236939 -0.9999371948892347 -1.3205024012062345 0.011207655257895993 -1.2380998232866693
38.90000000000028 -0.11345694214950569 -0.9935429141602711 -0.10994479632376437 -0.11370177503400859 -1.2490943029190458
39.000000000000284 -0.22552421443860876 -0.9742375627647747 1.113012602486651 -0.22748107930104666 -1.1377930426703806
39.100000000000286 -0.3137467389047141 -0.9495067055195856 2.212392543642752 -0.3191364581316572 -0.9165537883061055
39.20000000000029 -0.37093280378853655 -0.9286597089750234 3.0778555086552455 -0.3800132818757153 -0.608768237440581
39.30000000000029 -0.3935606285817385 -0.9192986629112145 3.6388508051655437 -0.404501597568118 -0.24488315692402657
39.40000000000029 -0.3805413471538136 -0.9247639066844904 3.860829766386855 -0.3903816155966521 0.14119981971465895
39.50000000000029 -0.3324786513986388 -0.9431107815968082 3.7331106155789118 -0.33893052746939706 0.5145108812725501
39.60000000000029 -0.2521131108738305 -0.9676977727191066 3.2616155702206466 -0.2548632836399356 0.8406724382946147
39.700000000000294 -0.14554492836971536 -0.9893516431612445 2.4732296176722772 -0.14606374363375135 1.0879954000618424
39.800000000000296 -0.02298422201035717 -0.9997358278758337 1.4277957473069078 -0.022986246154498027 1.2307749747925332
39.9000000000003 0.1021674230357444 -0.9947672178305009 0.22547521792160383 0.10234600350397134 1.2533224965846936
40.0000000000003 0.21594115975795833 -0.976406378267977 -1.0022624199806527 0.21765562896263418 1.1530962545866283
40.1000000000003 0.30675466389755546 -0.9517886194828649 -2.1183827772255714 0.3117814266490413 0.9412579768640712
40.2000000000003 0.3670303913656132 -0.9302089506202382 -3.0092632528350194 0.3758145918070982 0.6403316515805693
40.3000000000003 0.39295424534328827 -0.9195580248503554 -3.6005681392966657 0.4038420755721885 0.28027483765090266
40.400000000000304 0.383257703031356 -0.9236414526574308 -3.8548811468176583 0.39332074786910215 -0.1052132770308632
40.500000000000306 0.3383866165551097 -0.9410071719898766 -3.7597580667376023 0.3452018394986398 -0.48118908370462343
40.60000000000031 0.260835155176093 -0.9653833548514619 -3.3195727084056266 0.2638872040441212 -0.8131463545451861
40.70000000000031 0.15634064104106188 -0.9877031962886775 -2.5587928722774724 0.15698463986682787 -1.0690256417729334
40.80000000000031 0.03473806840886509 -0.9993964511660131 -1.5337016886128172 0.034745058803406365 -1.222395810634215
40.90000000000031 -0.09077718730036693 -0.9958712277527824 -0.34078045109096655 -0.0909023267709248 -1.2564738557433117
41.00000000000031 -0.20615554275937634 -0.9785192344504972 0.8905242074165997 -0.20764447027108995 -1.1674214350016516
41.100000000000314 -0.29949446648647365 -0.9540980371764647 2.022385874469482 -0.3041627550265603 -0.9651828475547034
41.200000000000315 -0.362827741118553 -0.9318562283286024 2.938040716232307 -0.3713006326197076 -0.6713787759314727
41.30000000000032 -0.39203728142068234 -0.9199493301135018 3.559340140373005 -0.4028451088091248 -0.31544476189417214
41.40000000000032 -0.3856670804747171 -0.9226380130029914 3.845885730736894 -0.39593072769117305 0.06914381117951729
41.50000000000032 -0.3440082874085672 -0.9389666118633956 3.783394059456975 -0.3511824059786516 0.44748321712521477
41.60000000000032 -0.26931999910317256 -0.9630507453312454 3.3747212994780442 -0.27268687127134966 0.7849553470730193
41.70000000000032 -0.16698510617972312 -0.9859594181882673 2.642029191202123 -0.16777104465202647 1.0491582661932317
41.800000000000324 -0.04645725160159305 -0.9989202789880813 1.6381238916230838 -0.04647397911647244 1.2129706553555402
41.900000000000325 0.07929720268319443 -0.9968510187819544 0.45574563821162783 0.07938054280119786 1.258545219176703
42.00000000000033 0.19617541018131385 -0.9805688188190532 -0.7779055583221374 0.1974560091356468 1.1807546633444892
42.10000000000033 0.2919706955638431 -0.9564272648413813 -1.9244807738786889 0.29628666773130885 0.9883065859566202
42.20000000000033 0.358326739250822 -0.9335962446035617 -2.864232523481301 0.36647500109215786 0.7018833336084902
42.30000000000033 0.3908100634493166 -0.9204713435554315 -3.515185312050564 0.40151148133250125 0.3503648024034338
42.40000000000033 0.38776855405465327 -0.9217567729538869 -3.833846722437796 0.39820949434846664 -0.03301986984034583
42.500000000000334 0.3493407306582473 -0.9369957598106632 -3.8040095152761486 0.35686741221167056 -0.4134208213679607
42.600000000000335 0.277561559413603 -0.9607078539992733 -3.427032567757406 0.28125500439730045 -0.7561240781437013
42.70000000000034 0.17746878347659673 -0.9841264303387736 -2.7228788978474454 0.17841380760445585 -1.0284119679284458
42.80000000000034 0.058130135225099855 -0.9983090139724832 -1.740968765905414 0.05816292315255714 -1.202508844518987
42.90000000000034 -0.06773861697085339 -0.9977031020152619 -0.5702566265582296 -0.06779052756492387 -1.25953450717481
43.00000000000034 -0.18600913308702174 -0.9825480153194625 0.6645158324840718 -0.18709881995756417 -1.193082923926403
43.10000000000034 -0.28418820552001794 -0.958768514211492 1.8247495955836834 -0.2881596163943676 -1.0106079643680346
43.200000000000344 -0.35352946815649894 -0.9354233881750995 2.787886296151376 -0.3613415498696573 -0.731819334752897
43.300000000000345 -0.3892730332009931 -0.9211224161980309 3.4681240826152546 -0.3998422425187944 -0.38500692649137147
43.40000000000035 -0.3895613328970573 -0.921000525467531 3.8187684557017425 -0.4001552506109141 -0.003130080921197209
43.50000000000035 -0.3543812508596779 -0.9351010261138258 3.8215966757201323 -0.3622522919458325 0.37902958665081604
43.60000000000035 -0.2855540813178121 -0.9583625966421793 3.4764800709334405 -0.28958453257141653 0.7266775937441601
43.70000000000035 -0.18778242440179113 -0.9822106500571991 2.801285537727737 -0.18890391781972315 1.0068061475169339
43.80000000000035 -0.06974517847597748 -0.9975648400376559 1.8421455833815712 -0.06980184723421405 1.191020705855091
43.900000000000354 0.05611273709788523 -0.9984244391717301 0.6842002008493392 0.05614222535978845 1.2594407259400249
44.000000000000355 0.1756654005227886 -0.9844499312098957 -0.5504659509302542 0.1765816384444884 1.2043941308469994
44.10000000000036 0.2761521636180032 -0.9611139279654081 -1.7232775791285562 0.27978827573790277 1.0320663729341437
44.20000000000036 0.3484382171222677 -0.9373317496215816 -2.7090527250926115 0.355904385780391 0.7611611004248826
44.30000000000036 0.38742675140167215 -0.9219004893687534 -3.418178909969446 0.39783870672318483 0.41934320942793796
44.40000000000036 0.39104475438578074 -0.9203716640941118 -3.800656431250404 0.4017664633534746 0.039277566302897526
44.50000000000036 0.3591273794362381 -0.9332885541670701 -3.8361490405245093 0.36733272957851926 -0.34433733774955344
44.600000000000364 0.29329213393565673 -0.9560228680170098 -3.5230395922694964 0.2976685998808689 -0.6966412969765031
44.700000000000365 0.1979170828665527 -0.980218765536344 -2.8771958339087926 0.19923251184413066 -0.9843608803673825
44.80000000000037 0.08129095926211213 -0.9966904132890241 -1.9415665829208821 0.08138075797818359 -1.1785175386594706
44.90000000000037 -0.044431007340932784 -0.9990124551709403 -0.79746431036132 -0.044445638991376685 -1.2582639696956026
45.00000000000037 -0.1651532116436859 -0.9862679233777076 0.43586818201455063 -0.16591335414079145 -1.2146771514941475
45.10000000000037 -0.2678680564508446 -0.9634556057926318 1.6201530062245588 -0.2711795392279606 -1.0526618508716916
45.20000000000037 -0.3430554932205776 -0.9393151380506897 2.6277856337827856 -0.3501678679773019 -0.789883287493413
45.300000000000374 -0.38527190246126236 -0.9228030998939478 3.3653743884938665 -0.39550245284170454 -0.4533458486440263
45.400000000000375 -0.3922182787058395 -0.9198721769077639 3.779517363144984 -0.4030418640746573 -0.07539411232952786
45.50000000000038 -0.3635768637013867 -0.9315642029302453 3.8476613141042852 -0.37210466216656723 0.3093720190809007
45.60000000000038 -0.30077060466873157 -0.9536965153376653 3.566689032910604 -0.30550056992937114 0.666040922371961
45.70000000000038 -0.20786412436417673 -0.9781577100868316 2.9505596318002567 -0.20939088137417244 0.9610968855519867
45.80000000000038 -0.0927561966691245 -0.9956888509868325 2.039147060012574 -0.09288972221884804 1.165011591553244
45.90000000000038 0.03270498672461454 -0.9994650488352971 0.9099382893241115 0.03271081982971748 1.2560054204856552
46.000000000000384 0.15448186630814337 -0.98799562396903 -0.32083591976846865 0.1551030026805983 1.2239218285088083
46.100000000000385 0.2593416953876833 -0.9657856309934633 -1.5154671084828866 0.26234051444665024 1.0723751176605196
46.20000000000039 0.33738403229651576 -0.9413670988256089 -2.5441420317531733 0.3441366058951705 0.8179609144852023
46.30000000000039 0.3828093000791439 -0.9238273863514309 -3.3097373568288195 0.39283532377540253 0.4869871788023203
46.40000000000039 0.3930814842691476 -0.9195036414961955 -3.7553592337764017 0.4039804493178705 0.1114512554246801
46.50000000000039 0.3677276559917268 -0.9299335304304444 -3.8561293606803377 0.37656428125353514 -0.2741616806433537
46.60000000000039 0.3079846925772826 -0.9513913123095442 -3.60740830527884 0.31307403013641133 -0.6349025111712377
46.700000000000394 0.21761523357866475 -0.9760346357145853 -3.0213298341831427 0.21937048067745613 -0.937035494589552
46.800000000000395 0.10412977261742042 -0.9945637186498633 -2.1348054414067015 0.1043188768044339 -1.1505160387302222
46.9000000000004 -0.02094632576481014 -0.9997806016506594 -1.0215130693768943 -0.02094785776235726 -1.2526673456679116
47.0000000000004 -0.1436609541546829 -0.9896269652002042 0.20548345575278748 -0.14415975777162054 -1.2321190000926328
47.1000000000004 -0.2505792209196071 -0.9680960975250973 1.4093139602574394 -0.25327851817830943 -1.0911876040668889
47.2000000000004 -0.3314268099477141 -0.9434809323181268 2.458182157221346 -0.33781545701278487 -0.8453693883447543
47.3000000000004 -0.38003989368207286 -0.924970096386969 3.251297005587076 -0.3898394257913895 -0.5202396877860467
47.400000000000404 -0.3936340640578521 -0.9192672210044797 3.728191357021135 -0.40458148099978286 -0.14742055208393312
47.500000000000405 -0.37157790300774274 -0.9284017783246479 3.8615501684075295 -0.38070803452410085 0.23873446475681986
47.600000000000406 -0.314929900856589 -0.949114933791719 3.6451792285059565 -0.32038279576335926 0.6032523876074156
47.70000000000041 -0.22716242046186444 -0.9738568861644441 3.0894623274031385 -0.22916293372858632 0.9121986203477295
47.80000000000041 -0.11540075259258016 -0.9933190153727381 2.22846334473089 -0.11565843824650446 1.1350449548208186
47.90000000000041 0.009166742681089583 -0.9999579845316595 1.1320813829332115 0.00916687106490953 1.2482530931141398
48.00000000000041 0.13270034218628182 -0.9911562032210885 -0.08992574570148881 0.13309292291930863 1.2392605185439909
48.10000000000041 0.2415871058224857 -0.9703791373995605 -1.3017903568474247 0.24400107120523346 1.1090814828592483
48.200000000000415 0.3251870523940025 -0.9456497136653192 -2.3699695081185848 0.3312095244099724 0.8720845320473899
48.300000000000416 0.37696477564424763 -0.9262275950993266 -3.1900849839851646 0.38651712777485975 0.5530760336488734
48.40000000000042 0.3938758229131497 -0.9191636612293206 -3.6980244490700693 0.4048444866490464 0.1832735887418664
48.50000000000042 0.37512593545517176 -0.9269738575326072 -3.863921822777999 0.384532627295453 -0.20311859353593353
48.60000000000042 0.32160202851182984 -0.9468749311588496 -3.679985426815235 0.3274209136737073 -0.5711171362174571
48.70000000000042 0.23649802479152815 -0.971631969559311 -3.154915899701051 0.23876004105495108 -0.8866087261875621
48.80000000000042 0.12655840534010485 -0.9919591574443828 -2.320045623204891 0.12689871220414595 -1.1186132885080513
48.900000000000425 0.002622000785140222 -0.9999965625500333 -1.2415379563864286 0.0026220037894765236 -1.2427670841466942
49.000000000000426 -0.12161016090000082 -0.9925779409023132 -0.02572182770222558 -0.12191192290221516 -1.2453392669169168
49.10000000000043 -0.23237215706090236 -0.9726269483326396 1.192995678429008 -0.23451589280961677 -1.126039699074016
49.20000000000043 -0.31866824713157155 -0.947866313501061 2.279570860767452 -0.32432415410934384 -0.8980826129972708
49.30000000000043 -0.3735851892326461 -0.9275958744981609 3.126135504360717 -0.38287106036546376 -0.5854690625611991
49.40000000000043 -0.39380667579016304 -0.919193288760912 3.6648707063722585 -0.4047692595578611 -0.21898199192397327
49.50000000000043 -0.3783702580755756 -0.9256543349457304 3.8632434895014995 -0.3880350238552434 0.16734235702617672
49.600000000000435 -0.32799716133372103 -0.9446787084279082 3.711812231721397 -0.3341826658354118 0.5385235801983164
49.700000000000436 -0.24561471923404782 -0.9693675307619808 3.2176521526838036 -0.24815378628874213 0.8602887954666967
49.80000000000044 -0.13759222142472874 -0.9904889603642276 2.409480395686009 -0.13803010278521236 1.1012368350352977
49.90000000000044 -0.014408123806590243 -0.9998961975967176 1.349779692176589 -0.01440862235991669 1.2362148042529566
50.00000000000044 0.11040078901157038 -0.9938871494217152 0.14134369454265028 0.11062629501080548 1.2503491737072217
